9999
9992
9987
9987
9985
9976
9969
9945
9912
9903
9893
9875
9871
9867
9853
9853
9846
9840
9838
9832
9830
9829
9823
9816
9816
9815
9809
9804
9803
9781
9741
9740
9698
9681
9680
9667
9638
9638
9638
9636
9608
9607
9604
9592
9562
9553
9550
9541
9538
9533
9530
9525
9519
9518
9470
9469
9465
9464
9453
9452
9447
9444
9442
9431
9428
9393
9388
9388
9365
9361
9357
9356
9336
9335
9334
9306
9306
9302
9302
9300
9277
9274
9256
9243
9229
9204
9197
9140
9134
9130
9129
9117
9116
9115
9115
9107
9091
9088
9065
9059
9055
9054
9050
9046
9044
9039
9031
9024
9023
8993
8982
8980
8970
8962
8961
8952
8948
8922
8916
8914
8910
8895
8893
8872
8871
8868
8863
8861
8842
8834
8834
8830
8795
8775
8774
8760
8748
8746
8707
8704
8687
8684
8662
8660
8658
8584
8583
8560
8553
8546
8538
8536
8533
8528
8527
8522
8513
8491
8481
8478
8472
8470
8401
8380
8371
8362
8310
8305
8289
8282
8266
8250
8249
8243
8231
8229
8229
8227
8207
8173
8159
8150
8108
8101
8092
8084
8062
8056
8053
8044
8037
8036
8036
8030
8018
8016
7995
7993
7986
7959
7945
7934
7932
7931
7929
7923
7916
7915
7908
7902
7897
7892
7891
7884
7876
7859
7854
7846
7843
7829
7828
7803
7794
7792
7791
7789
7781
7754
7744
7721
7709
7705
7653
7635
7632
7622
7585
7584
7575
7565
7556
7554
7552
7548
7528
7507
7506
7504
7503
7502
7496
7475
7471
7465
7440
7430
7419
7411
7395
7386
7383
7379
7378
7364
7352
7348
7344
7337
7327
7323
7322
7322
7319
7310
7292
7290
7290
7259
7251
7247
7235
7224
7221
7206
7205
7204
7182
7160
7102
7094
7092
7057
7046
7042
7029
7014
7003
7002
6985
6984
6977
6973
6969
6968
6967
6965
6964
6942
6940
6932
6921
6898
6892
6868
6866
6865
6862
6847
6842
6829
6824
6823
6820
6816
6812
6800
6769
6761
6746
6726
6724
6717
6709
6698
6687
6670
6663
6657
6654
6635
6612
6609
6593
6586
6584
6557
6550
6547
6534
6524
6524
6521
6520
6519
6516
6499
6482
6471
6467
6466
6462
6441
6428
6398
6396
6390
6383
6382
6367
6362
6346
6330
6301
6294
6287
6272
6244
6233
6227
6223
6207
6192
6185
6171
6169
6167
6158
6156
6136
6132
6123
6105
6100
6088
6075
6073
6041
6036
6027
6017
6011
6004
5999
5969
5961
5940
5935
5928
5926
5890
5888
5887
5878
5855
5842
5838
5834
5817
5805
5788
5783
5781
5766
5763
5755
5741
5730
5713
5681
5665
5658
5646
5644
5631
5630
5627
5626
5612
5612
5602
5579
5561
5561
5529
5513
5508
5486
5459
5451
5449
5447
5419
5384
5380
5373
5372
5347
5336
5323
5323
5307
5298
5273
5271
5268
5264
5255
5230
5227
5222
5211
5206
5205
5200
5181
5154
5152
5136
5127
5125
5115
5113
5109
5107
5090
5083
5080
5063
5057
5049
5043
5039
5015
4978
4972
4971
4955
4948
4937
4935
4904
4899
4861
4845
4844
4831
4811
4805
4791
4788
4784
4781
4768
4765
4759
4751
4737
4718
4712
4707
4673
4640
4630
4623
4615
4612
4602
4588
4578
4553
4535
4523
4520
4504
4494
4469
4446
4437
4404
4403
4400
4399
4344
4342
4339
4336
4336
4331
4311
4292
4290
4289
4287
4234
4224
4196
4189
4148
4147
4136
4128
4126
4114
4102
4102
4101
4092
4088
4078
4068
4052
4050
4041
4020
4012
4005
3980
3951
3948
3922
3920
3911
3911
3902
3887
3868
3868
3867
3863
3859
3816
3802
3784
3781
3771
3763
3751
3743
3741
3728
3726
3723
3721
3718
3707
3699
3669
3664
3660
3653
3632
3630
3629
3627
3620
3616
3613
3612
3601
3598
3591
3589
3562
3545
3543
3541
3533
3530
3527
3517
3499
3493
3492
3475
3466
3462
3450
3432
3431
3415
3410
3399
3398
3381
3379
3373
3372
3370
3346
3340
3332
3316
3313
3308
3292
3290
3285
3274
3261
3261
3256
3252
3243
3230
3225
3225
3193
3191
3177
3170
3160
3144
3139
3131
3128
3127
3124
3104
3089
3069
3067
3040
3019
3012
2997
2989
2977
2970
2958
2957
2945
2940
2935
2923
2923
2913
2890
2889
2881
2868
2859
2858
2857
2851
2831
2819
2818
2791
2783
2778
2775
2774
2770
2761
2761
2754
2750
2748
2741
2736
2734
2725
2723
2714
2704
2692
2692
2670
2669
2647
2625
2624
2609
2602
2599
2595
2595
2590
2589
2584
2582
2580
2572
2548
2546
2527
2509
2501
2500
2486
2472
2469
2449
2383
2381
2379
2354
2351
2335
2332
2328
2324
2305
2297
2271
2266
2264
2264
2262
2235
2231
2230
2225
2213
2210
2200
2164
2154
2149
2141
2137
2135
2131
2116
2104
2103
2092
2092
2090
2088
2065
2052
2050
2046
2044
2036
2032
2031
2031
2028
2015
2004
1988
1985
1985
1983
1971
1964
1956
1941
1911
1907
1901
1896
1861
1852
1845
1842
1826
1820
1814
1804
1796
1780
1776
1774
1772
1772
1757
1743
1731
1726
1724
1717
1712
1711
1710
1700
1682
1678
1659
1658
1637
1621
1589
1559
1538
1536
1532
1500
1483
1479
1476
1437
1433
1422
1420
1411
1410
1409
1400
1396
1391
1384
1378
1374
1369
1369
1361
1354
1352
1343
1323
1317
1316
1314
1298
1290
1288
1286
1282
1268
1215
1215
1204
1199
1177
1176
1164
1161
1149
1145
1120
1118
1112
1093
1092
1078
1075
1064
1063
1062
1038
1036
1023
1011
1010
1004
999
967
966
944
935
934
931
922
917
916
904
898
896
895
894
872
862
830
822
812
809
783
771
731
716
701
698
666
660
619
617
613
577
560
557
557
549
548
537
527
517
516
504
502
475
461
461
441
440
418
411
381
375
369
354
343
336
334
317
316
314
313
304
300
287
271
251
245
244
234
219
208
197
188
186
165
162
159
149
135
134
131
122
119
93
52
33
27
22
21
11
11