3887
208
4955
3370
4005
9803
2859
2977
2486
2940
4844
6396
6724
9357
6132
336
7754
1298
4339
9055
2775
6823
1659
2230
6769
1176
6977
2235
9336
2137
7247
8830
2881
2858
1433
3290
7854
4553
7502
2050
8948
4342
2500
1774
7292
3261
7290
5612
1637
5890
5090
5109
381
4791
3922
2572
7915
9809
4788
5626
6847
1776
2527
2945
6156
4861
6965
9912
1161
3040
6383
8250
1842
8872
5969
6167
6865
8746
4331
93
8062
4446
6586
2383
343
6746
7554
7506
3707
6244
1985
6868
1983
7259
7440
7945
9065
7705
7908
7042
2266
7585
9875
8980
6158
1422
1361
9987
6482
2599
3859
9256
8660
716
9044
5057
7923
5681
2670
3493
9428
2271
7565
7929
6670
3620
4640
1796
9117
7721
5307
9638
934
3372
1700
4784
317
8914
3743
1536
7552
7931
4602
8536
2736
8016
5380
7319
8229
8472
6800
6346
4737
7709
1064
9815
1726
1780
3399
9039
369
8173
2546
4114
9470
9867
6123
4189
9538
6967
6516
3230
9562
5211
9388
6921
4937
4588
2149
5372
1589
3316
9334
4068
3012
5264
1316
7859
8970
9550
822
5713
1483
7364
1814
9115
7789
9465
8774
537
3816
1400
5741
1038
2164
6294
8036
7046
1757
251
4148
1369
916
3104
2351
7891
7094
7892
5602
7344
2116
7995
3499
3660
461
3308
9300
9816
4336
6984
1204
6584
3781
9356
131
2692
549
8231
2889
8775
917
4494
3721
5658
8662
6519
2913
1384
2935
1820
149
2770
7744
8037
8861
9447
6892
4311
5781
9846
2065
812
1852
560
9838
4088
2595
1314
2032
3340
7632
2262
1092
6521
6004
9592
8583
9680
1011
5336
3664
966
418
2748
5255
9388
2580
2210
21
1075
6467
6367
2923
3243
6820
8056
3225
4751
5730
9277
6466
162
5227
1343
3920
3381
2970
6687
5449
7902
4759
6136
8084
9024
9306
967
9046
9985
1437
4768
5206
771
3598
3517
4437
898
5043
3069
7251
6866
783
9638
5878
557
4615
6169
11
6717
4971
1145
7496
7884
2584
9059
9335
2131
3601
3313
9992
7057
186
300
8834
3431
6520
7932
52
287
244
2004
3193
7465
314
1964
2778
5323
3902
219
9741
4707
6761
8470
4400
999
1682
7635
2104
3466
1717
516
5268
9840
3632
1410
6547
9638
1678
8053
2379
2868
4234
8362
1896
3951
3726
1743
3530
3160
9604
5612
8707
4290
9464
4718
8560
8687
122
1845
6185
1149
3751
5154
9853
1907
2851
613
1956
8018
4948
2857
8871
3589
7471
1078
5928
935
4612
5049
8795
4092
3373
9667
2669
7916
527
9976
1391
7411
4403
5200
1772
8684
3591
3128
8401
1559
8533
2031
2723
8704
8527
1658
9541
5940
2332
2092
6017
234
1290
3124
5271
461
11
4102
7224
2761
9781
3346
3127
4520
7986
7160
2103
2354
9140
7337
6100
4101
931
7791
6609
4899
159
4805
517
4041
7290
4050
4126
2469
3653
2044
3292
3450
809
9804
3527
7507
8371
22
1710
8249
2324
1971
9533
6969
9050
9243
7322
9115
2154
475
6657
7622
7002
5627
4535
6105
4128
9816
119
4811
5152
5579
6829
4336
9452
9031
9204
4765
2989
188
1985
7548
4630
3562
6362
1420
3863
6985
5817
862
6390
3089
9999
3741
4578
6227
2135
7803
9431
5763
1215
1369
1538
9197
2589
5805
7092
3415
6709
3911
9830
6088
666
245
6171
5107
7993
2750
7846
5039
3763
2548
4781
3612
3285
8916
6041
8522
5935
7843
7386
3616
701
5646
5999
2088
5230
7475
8893
4845
6612
6968
375
3256
2472
2335
1378
2028
8962
2957
2305
6027
872
7383
2052
6524
6330
6223
6499
2141
548
6812
2958
1010
2741
3980
7794
8748
3225
3627
3019
3699
1861
3911
9302
8478
9829
441
5766
2509
7102
3261
9525
1352
8310
8952
1374
5273
5419
4399
4523
5447
7235
1901
5783
5508
304
2624
4469
7897
9681
2328
1036
8546
9302
2297
3613
6287
9091
5298
7029
502
9274
617
6207
7182
6973
8266
1621
6011
2761
7395
33
5631
6842
6075
7206
1479
9608
9698
504
9130
1063
7792
5887
4831
3867
9088
1532
4147
894
2704
2046
5015
3543
6862
165
7014
2582
9442
8760
8658
197
8227
8922
1411
5926
660
8895
2501
8584
5127
2449
2213
1354
440
3432
4136
2734
4020
2819
8993
5788
6726
2714
6428
1317
1712
3170
5834
2725
3379
4673
7584
4287
5113
2595
9945
8842
2647
9469
2692
1500
7876
7503
5181
5529
3948
5486
1772
6964
8982
9361
904
7205
9306
3067
7348
8282
7379
9823
6233
6932
4904
9519
7504
6462
5855
5063
8380
3630
9893
3475
3462
3139
7828
7781
354
2031
6550
7556
9871
922
9518
1282
4224
5323
411
2090
5080
6635
2774
7327
3718
5561
1286
9969
8961
557
8092
334
4292
7378
619
3541
2264
4052
9107
8150
1731
8528
2015
577
2231
271
2997
5384
5347
7310
5961
6073
7221
5125
8108
4012
7430
6192
3728
1062
5644
6398
3191
9393
8289
5838
4078
4102
8101
6898
6524
3252
2264
7003
6593
5083
2754
3177
1476
5842
1396
5513
4504
8481
27
6534
5136
8207
2923
698
3533
1199
1288
9740
4404
9453
944
5205
1164
2092
5561
7575
896
1215
9607
1804
5755
4196
4978
8159
313
3410
9365
2791
3492
3669
2625
2225
9987
6441
6816
2609
9553
8868
2590
1268
8036
6471
2890
4623
3131
134
3629
9023
1911
3332
8243
8834
3784
9054
5630
6942
9530
895
7528
4935
3723
3868
2783
9832
9853
3274
7829
9444
3545
7934
8863
3802
5222
1323
7323
2602
2831
1120
1004
731
5115
1724
4344
8229
6382
8491
6663
5373
7959
9116
5459
6940
8044
8910
5451
7204
5888
135
1177
6036
1118
9129
830
9636
8538
6272
8030
8305
9134
3771
2200
2818
8553
7322
7419
7653
4972
1409
316
1826
6824
2036
4712
4289
3868
1112
1093
8513
5665
6557
7352
9229
1941
2381
3144
1988
9903
1023
6301
3398
1711
6654
6698