73368
22713
2224
20803
53269
54509
92459
92033
23785
4093
24019
3221
23060
57628
76864
33803
15710
47657
33525
49528
87045
22546
35863
62560
23407
979
42274
22713
85043
29629
25302
60294
87856
45228
81746
12284
79581
55446
34359
74553
11899
62203
68692
60464
78068
6325
88380
49512
66930
20455
16796
39234
23029
25809
17177
42713
49898
70681
40051
75267
54198
73505
98722
29724
40014
2979
5927
27210
7747
35711
6342
80313
25430
90639
13305
46692
33033
8647
49279
72625
72908
62033
11194
15420
56039
15688
77795
3202
65130
93947
16393
99120
71627
72962
27708
22994
76888
15175
11773
43001
91937
39211
78583
91407
27039
30003
33604
96105
60384
87675
79035
5743
65880
70323
80469
3672
5894
55874
16406
4523
79459
38659
37736
86856
5772
28329
18314
63820
46295
4862
34975
15060
86462
73697
55643
24319
71687
88127
72422
7933
18087
76877
73207
9163
44895
7100
99012
79826
10931
14889
38112
57334
44444
37
69491
49316
55275
93440
79638
59255
26187
87699
57758
5628
19373
86768
21328
87065
20142
38447
51519
5027
92994
31191
22915
64318
91119
36033
63441
41075
98906
13568
72091
88676
64121
14056
32632
13831
39690
70113
91451
96055
92847
42155
55483
7822
45523
35368
57946
2093
68521
74985
29977
6819
59038
67833
40166
36556
29647
56491
81443
96729
20131
5437
16455
64376
50172
38168
38475
81872
39741
78067
5946
95224
3040
82134
73071
36328
56271
58025
11541
96946
33755
49693
85191
25673
77545
96444
94406
31689
69137
73063
35193
41174
69872
61633
30997
73214
97964
3350
4485
11231
9119
97200
99720
21457
86062
41106
80082
83230
55497
33506
8287
46784
88684
42827
74239
419
85607
9783
60611
18840
56139
24765
39635
4753
24419
46606
55517
18261
30903
83443
21191
15613
8365
64321
81682
13285
83858
80329
61028
81874
21926
56123
8273
20590
47538
55889
35548
55214
58816
706
15569
15791
52280
21531
58832
70286
56725
65823
35650
24383
1781
1316
50628
16717
47935
6354
52503
63804
19911
92897
50980
74978
2930
30124
44801
91513
95040
97083
57106
30088
44980
73361
48469
46111
21976
20179
18717
1404
80049
10423
13082
36782
63560
96956
56441
13821
19389
45592
43162
30456
8210
83898
48918
73986
46163
91034
97133
90416
79657
19175
30547
91913
44540
8721
52416
92058
79428
63047
33489
27398
31293
93999
11996
76319
19765
31208
2857
8802
88355
47100
86489
39683
22218
31791
40111
91237
72758
25778
41384
38955
92726
80239
21337
59474
98509
57321
659
72728
44036
87173
39607
95010
40498
18957
93328
32128
61773
99165
6566
75173
8237
54305
15134
84377
4047
79703
81151
59124
82262
79532
82879
92765
85065
62552
6406
96026
86530
60497
14480
49079
51064
17300
75349
71670
92842
90075
17315
15844
61050
50821
33157
70416
32556
11058
50116
64480
76711
82631
19938
53144
17640
54303
55683
21131
72257
90767
9270
39610
51882
19094
17813
32434
53729
47444
40918
8546
69903
81686
855
13870
4454
41546
8774
60684
72938
39640
57058
8840
92637
26912
41424
3742
43463
82892
34645
44559
20840
92037
78499
46803
35358
2640
27991
9179
88183
93763
77143
42058
90176
69316
62010
73616
34560
43167
67846
20565
6327
84329
43631
53640
57197
83348
36590
15329
5651
28004
86804
97125
72190
85353
36177
28956
80533
10500
37956
99617
56814
20129
12032
18227
85206
13807
82123
35662
99314
29161
2460
37686
11393
76584
1287
36235
25421
25150
92679
8690
16667
71303
27640
43260
36722
55954
20734
58029
94016
29988
15979
33425
31094
54561
49459
36233
2869
58183
50617
71293
20890
34856
58115
69615
45539
32609
82683
52731
44205
25175
11519
42283
51950
14666
78794
78823
63074
4065
91547
87954
54000
95363
96909
99559
94816
59237
41539
54131
4399
20088
55628
26406
65653
60688
74273
15127
21661
80686
57182
26763
12818
27397
52064
90700
33720
79281
9907
46544
17997
34741
29028
1546
66260
48312
69605
18462
81099
65308
48278
91513
48902
8485
71108
44156
89057
49185
90604
82307
27972
48633
14404
4374
99552
39119
71799
63762
52134
1185
52392
61283
87789
3732
7515
2377
33718
27961
17751
36785
91353
7535
80718
54196
86424
56484
57128
96049
45513
99635
90772
39159
13989
3706
87248
43791
42618
12860
81498
35130
88366
79497
36478
15814
97738
51635
9193
10832
69554
21432
84063
77020
41781
84854
22984
5786
92439
39984
40424
62661
99251
55842
14058
11200
8708
57702
57842
76693
50252
46451
52095
24617
50785
48800
70355
62210
36011
4229
64688
77955
40968
44872
95755
17070
54139
96274
18330
67687
4293
61604
73009
11399
82114
15934
27015
39945
23788
29032
35934
55007
81122
41226
33383
42053
72913
66950
40511
24940
18166
98660
16933
69420
22850
97982
96117
18019
4851
16807
86056
39195
89717
78718
88685
16475
41926
82595
16734
53049
58056
40304
91220
63577
22956
35811
53351
70132
94163
14348
8495
44598
55326
99717
8959
52523
14453
99323
61633
86467
59395
42658
86736
10085
62440
84164
67145
34399
27663
88644
88188
12947
18972
45092
25959
32812
76868
13684
66713
54828
87824
67659
93831
1592
42076
54851
10404
51409
54167
19058
42776
12500
682
22272
92632
39090
35918
20293
28649
92522
478
82046
64940
46703
61810
12335
88215
74343
64444
8460
6991
75306
38126
94218
59642
82371
24145
76177
16535
18249
50863
90711
94891
78994
87185
61990
81983
40940
94864
30768
36164
658
9186
8306
86911
64991
83858
62107
13424
17216
30429
9703
49526
25349
15326
42543
27776
52682
35142
64821
72193
13463
40625
19461
23669
88659
89402
12786
68781
29546
23184
36557
28087
20822
64312
80854
63189
96350
68343
5523
60533
12471
70058
77731
99256
5243
86789
66670
43665
88004
54945
27922
61363
48870
22615
19313
11493
73006
98301
82002
15430
97502
44836
81280
19150
35090
61619
99272
24607
96632
21965
81162
20329
8388
87739
3564
58046
60541
91817
598
3491
29432
57672
98348
43295
44068
21071
99472
58500
23753
19228
22380
14137
96270
48300
23933
7378
92689
34142
48206
81980
95088
41033
69422
86376
20121
49490
40305
53718
87899
68940
20717
42076
94736
11920
91173
76941
81395
20021
27131
70343
32011
54589
10492
85731
73030
84358
61088
73251
48601
94093
82235
61127
90274
21115
99080
35996
12734
26880
99247
83710
79793
99996
57467
37413
65122
55410
24303
60614
89670
24155
65749
90068
88462
47311
23463
6244
67562
70684
25781
18588
11479
87285
50381
52029
46198
59002
19084
82469
10068
30984
87405
61131
63537
80247
44687
33483
27377
99211
73461
71340
58206
44168
9400
87192
19014
61749
79890
46052
27108
4844
98190
39253
38226
95881
23118
33113
81247
77819
37290
4220
17469
6948
41546
16795
7200
89605
23232
93071
27262
52933
5146
68020
66658
91134
57485
98714
6410
41889
77735
81381
1230
21812
98790
76439
23854
90727
26211
76019
56007
90114
92899
23090
33824
20728
61065
54318
44659
27812
68827
77766
13469
52179
10563
86633
5666
16026
40862
81452
9008
8724
33170
21008
80341
54363
50013
39985
51290
91703
76549
53463
65502
67872
71499
93263
78244
71304
29885
46539
65988
52827
83377
28541
11560
29953
20357
99862
49002
2770
83187
52134
78183
31636
49311
68701
40531
32302
64332
94189
63462
64168
95511
9674
99383
48031
48079
27387
63896
44060
13682
30358
96601
47204
42762
33121
36277
53089
76091
53027
92200
61838
57486
70906
81209
78505
58197
91731
50274
48592
9951
7586
81795
99351
77588
40969
60041
97011
32201
37999
69326
85810
46570
64493
96689
28084
52984
24857
1998
37841
35579
97415
76422
43142
63977
44941
28909
63364
35800
2461
3936
55489
63960
78953
12304
97370
42458
85434
15393
53431
71760
86042
47123
30500
38250
6281
2749
9943
52126
92558
26782
95727
24272
26729
99440
58121
30368
62339
55495
64371
75490
31774
69817
29645
94275
66639
48326
65029
49241
54938
6682
28656
86020
34699
84511
20072
96862
42478
10417
68557
94259
94306
36045
16297
40033
15092
17091
86538
68680
88017
28493
88547
76510
38626
26415
74600
54639
46018
42922
73724
20812
16816
528
43833
35717
4518
65056
93731
71735
29837
7513
78228
93093
57174
50774
86255
30716
50917
3044
87227
55698
16126
39586
23450
41491
78621
19068
22539
96878
39242
58152
71245
64961
98385
10308
70071
26619
63503
44558
53349
51822
13119
52726
67290
10303
59347
65035
45920
59762
8300
29423
94751
77657
30977
14344
85754
43713
4764
92932
42746
15192
24477
61905
58024
93525
42035
21825
3298
46721
14572
5601
9135
98895
21051
61657
95261
3720
11860
15955
26463
73233
97747
35281
89405
77354
63608
96045
27988
22471
47773
63031
12330
54783
74723
33230
50473
20849
12786
28505
91301
51288
30580
85564
50416
41678
8497
89477
82895
78175
30262
46276
43484
59256
42854
63668
9590
22370
87173
64019
36346
87630
73526
44307
64619
57810
96683
97608
8364
24364
59044
5936
91222
55939
92207
14549
64378
79997
85861
2955
98715
54219
42108
25491
72222
10143
50296
63818
53569
12559
21308
36272
63704
3150
52949
91846
81718
16244
22024
49218
65823
69732
87900
52051
67568
68328
5983
59742
68182
67917
24390
33506
31912
96130
93056
38313
26601
85108
96191
74938
56694
34589
52018
75012
44191
67961
21295
46347
72202
71152
15453
68942
90230
59452
91393
17823
88744
43645
47901
19321
80454
99963
1998
28533
95954
35735
8085
8366
158
81461
39895
41737
24445
5801
9070
98463
3128
82469
70092
13796
19694
9066
44515
39370
9636
13178
23039
56663
81845
4455
69795
79283
43377
92903
74514
50068
38943
65197
71395
76563
49567
77154
88885
41004
14767
11150
99502
19437
16233
96573
40760
23255
88205
40408
81318
33215
56244
82959
96475
62286
57758
65146
96776
2685
49313
69875
39145
16297
25995
28346
99712
46248
23716
64475
76498
70138
81694
67635
99908
17664
18823
16486
60758
3056
20137
18246
31754
92696
48867
59946
66936
22424
67692
74200
93146
85522
66808
81256
61739
16775
65178
74690
39954
94697
53516
87722
30980
97834
5117
27239
85737
57641
76362
99569
58644
10390
32763
38200
57789
61852
79610
94404
36794
84697
10624
5463
45017
74128
30214
59913
71206
61535
57337
68046
15997
93188
83807
60245
54616
52308
27779
87519
43213
7726
41759
14621
3008
59953
95964
17234
26740
1591
79052
38265
45409
56424
5557
98310
34438
66407
63873
6362
1097
35467
2285
86099
6981
25767
81631
92906
87056
47426
15438
62829
45200
21537
48486
19375
82007
50381
33812
88083
97528
22374
35607
25358
96648
14975
99689
84974
57231
13308
61939
80143
44704
54432
29741
82744
31709
74200
55726
50254
80066
69051
85788
31732
73521
97549
79600
63771
19653
36382
2440
1272
94982
68549
37395
83869
44866
2247
92582
13765
26935
29383
29477
3101
95750
15195
41179
93163
5535
63268
95877
26015
46853
58663
45269
13662
41721
27516
25087
94227
21381
71238
38265
48761
9703
16547
88504
11012
3862
67065
52969
22589
36109
5168
14279
43207
40369
16712
6057
70565
69338
61535
3847
54092
67855
6984
66129
54722
86733
33303
53453
56942
4911
44944
55232
37338
10184
92087
91669
4426
81736
63049
30162
63313
57602
91325
37163
34890
88775
75456
13161
28841
66877
33633
35677
53934
57713
66945
71622
60961
80230
64287
94761
94545
49213
58915
43624
67517
72644
57474
66719
44500
74645
19464
61289
59577
69278
28453
10675
14022
16621
10797
48754
5396
68522
81095
4336
51301
75215
63864
24738
54246
73777
71550
47518
61974
8371
60110
41556
53239
60356
54378
7084
78926
95319
67930
67083
79603
6425
72330
71585
74681
36661
21155
50562
47945
6014
13521
99606
67009
93272
25126
29883
21385
94271
84186
80755
71665
98120
48365
33479
36457
87852
44966
30210
64608
15231
83610
33551
28333
31333
92693
18025
44259
85626
97030
80861
17487
34512
55094
96199
58235
83149
71072
49085
77539
70756
39223
4201
35241
29065
11179
13606
6948
28931
67649
67416
5343
24218
1042
53363
19967
19744
85969
81072
30129
47724
79128
33509
77557
44021
68749
20203
46980
65640
17989
90595
88215
87512
79653
17952
2091
22230
35580
84527
19068
24770
58183
10720
58522
75133
98483
74090
24719
94818
26014
39395
92895
88752
46829
25972
39431
91268
77257
59106
58243
56629
80020
26791
43321
45445
15648
66846
67903
80503
14700
64393
10220
39192
47055
54727
31943
81645
65941
19439
83428
89036
20513
47965
54483
19848
78727
84533
50436
96010
15411
71726
40035
67131
25583
28385
83842
18627
13429
46560
13441
81036
90223
75862
31540
82827
92490
71275
34146
69283
11895
37963
48300
14358
16495
1837
41116
11978
48846
29289
80699
46312
99687
88436
77
32979
30489
68591
27409
70575
49068
1076
43449
57577
9832
30474
2842
34621
14873
14983
21524
32349
61807
26178
27722
86257
34251
18139
39064
68253
24008
15033
64305
38870
44887
47114
57484
93143
94070
31844
95018
82531
31809
18501
55547
77422
13083
8839
17074
7773
82459
2645
25416
38441
73217
16289
91541
24831
97059
87375
71523
29987
80157
97078
79955
41608
25377
56987
13769
57765
21538
85427
85562
73371
12422
43199
54601
83246
25165
36530
20686
20885
65971
52071
48478
87793
4872
440
74709
79625
68123
36431
89498
8464
58020
63657
34575
40060
20825
69787
60324
29906
68941
13390
64007
67087
64101
78863
59390
5586
78065
18684
61199
13857
38844
95947
20922
62342
15580
68700
2515
63186
90425
99913
53484
85110
65096
36870
63305
85243
91053
99424
67056
11977
32244
81212
12068
88848
85645
70956
95936
43582
32520
34484
57209
9119
21106
70364
26276
70228
36833
73202
65670
52214
23378
10465
22132
48141
7667
67789
62997
31767
58519
16742
32765
12046
23839
15777
55948
14608
90652
79801
62545
60777
57271
30693
67772
25963
32935
28026
84985
99896
6382
96243
29402
91494
27347
39628
81205
4597
4290
32322
66187
26695
77820
1612
91966
84565
60516
87981
85886
1990
54912
66429
97005
49035
29307
44221
89877
11631
11174
13274
49964
45680
6382
37537
38182
16787
26851
44743
6198
34502
1125
72194
14075
54605
63975
25716
32274
5457
33835
87468
60690
79053
62402
96603
18422
79588
17589
29007
56629
1127
72999
79790
645
48255
2260
51196
67657
39517
44257
53982
79356
34189
20422
10916
88483
53205
28644
55337
69107
98100
4311
79157
11422
68540
60302
53560
8126
10513
19906
70017
57249
52949
55358
3514
63210
87696
67472
87127
36932
16810
92596
8
23126
15666
32942
44296
67964
39031
66407
92850
80918
11896
95709
57082
27745
55851
61420
43962
66727
17518
40270
7983
38375
19053
57259
13619
45730
7958
1779
53246
52723
30470
47890
86770
39748
90967
49795
54348
39564
8742
75717
36759
18739
13792
81922
86579
58175
34143
67031
33114
72335
69571
93475
43674
11311
7549
95720
36990
45422
59208
41133
69018
54214
72805
65681
60004
60399
77604
1164
50629
44984
24746
60040
23067
68013
72210
11502
37294
3865
96968
32441
62438
26723
49890
167
50317
17176
50090
10473
66761
31670
81509
9222
3415
71265
49616
47750
81121
99832
40590
64991
997
75450
89652
40343
76831
68660
60094
42841
23811
68726
2906
9049
95836
27281
92286
67884
88051
85839
32950
45422
92072
97630
21459
7606
93452
41227
65179
94638
9384
55419
19766
63767
62773
5009
20066
20041
33471
92479
66865
89935
70347
61339
27060
57897
77821
52706
55020
16274
68548
40911
54729
97413
16665
43684
94360
83739
91172
27442
58864
39535
87865
29166
15219
26910
37042
82603
39685
19668
47174
68860
78605
97647
44256
21245
57211
53518
80032
21610
68102
35202
71736
72122
86399
94698
51461
41970
93478
76793
83440
90655
28586
93628
4994
99975
36745
29708
12171
64055
58536
70317
58987
77451
93066
65486
25472
53198
63191
45536
34637
70375
88940
4771
70970
22427
56409
81370
40962
93261
54589
51415
16235
77384
38346
29835
37136
65568
42278
2217
8888
95649
5954
53329
91300
6286
15390
51136
55903
96663
13324
81607
60334
50639
69404
26682
94268
50172
43402
31879
60700
84731
55415
86272
64674
96099
69259
70761
78152
76917
55340
28272
85461
78621
68685
15848
48545
43013
29258
63409
23431
41662
83500
81010
96069
17570
38734
86246
1305
81057
82288
53178
22467
71996
48847
76106
89415
83629
54992
3102
58440
6184
75081
31664
52530
47647
49765
37164
38933
44505
37092
16336
34111
32040
453
30260
42570
23729
30879
88060
89736
42825
29548
7676
78743
24897
48832
99961
11243
73428
65451
49867
4098
69086
27845
98438
2933
49949
32082
45392
49574
61346
60504
36247
10844
46238
75733
49516
76049
77735
73679
88046
95137
79714
4549
78035
21447
67274
41063
11324
12916
88787
95193
75770
20503
82625
70655
46504
53549
59924
1642
31193
54003
26058
54067
27519
6047
14198
28851
91546
77248
33587
37734
31081
83542
62120
11486
14181
22375
11745
8170
42933
4460
39781
52896
29972
88881
73689
39543
20584
90868
48976
76707
6597
13696
20141
37346
22241
77923
20601
59245
34670
98397
79626
10412
40187
42635
87605
73282
73119
92275
99326
75800
45336
96152
8897
74284
9573
62435
73486
74318
96473
57946
5420
4409
14002
38595
71139
37925
60592
60670
86563
10505
94239
96833
42336
51811
67623
79062
22777
27284
96794
62974
27257
75075
47775
31325
94079
200
33062
76948
51383
68100
11882
72259
12186
36616
44218
82541
89679
61667
8450
79816
67958
98856
60081
39501
68661
7330
47807
75358
95536
16506
5523
77644
56582
54470
56720
81202
56668
62400
96607
24970
91546
57223
42395
39315
1764
30255
11199
46654
27244
83261
36138
40861
89318
63305
91284
70072
52329
60091
81621
35577
94300
88560
84714
78634
5913
92157
67852
72549
64851
44576
34647
46443
63005
93715
81972
73150
63253
20642
74423
46035
2129
63413
85377
36907
81095
621
97971
5508
92654
70886
77591
80507
10499
9358
59773
61586
10930
11164
32621
45405
15162
8988
66569
91731
8381
83484
81748
58968
84176
36807
53190
65704
28595
66258
10245
30686
84694
34007
98262
96236
11157
61353
32585
6786
40348
51186
75592
62676
17298
54825
50160
14668
86966
39936
95879
76924
34490
1993
21274
63833
61374
4074
71290
44986
97953
22447
399
9612
44778
72385
73232
43635
67033
3665
47805
2800
25449
2213
81596
7897
7837
87309
30474
5458
58789
27413
69321
64787
63229
55639
79649
45957
38813
71893
66314
4553
61010
67014
25531
84514
64108
7258
75546
70383
89955
1513
7793
32363
65060
72398
96932
67030
98226
23911
23235
61575
78395
88828
36888
12401
5017
5815
39381
48602
34784
68248
76168
74968
72856
941
83248
84591
77839
34237
92726
15206
11910
42149
25885
18937
51381
18683
95884
44088
55103
3879
23782
80146
13603
21638
92160
89069
11206
63931
7945
40967
4980
44829
62004
36086
97545
7759
52166
59095
51822
47240
69799
95340
94757
36586
92976
76823
42530
39028
15930
69005
50588
58969
84445
17152
75401
34459
8603
73390
70102
11012
63076
66013
79168
29136
33966
62109
27076
16969
52263
93580
31330
72272
71601
81958
95188
30968
51429
20004
17686
98201
2805
17767
165
50776
88107
3030
57947
72002
6266
84703
18165
13407
54253
25955
99739
38101
12079
42716
1374
7558
60777
65129
58780
36787
14549
26861
32051
23803
97174
59322
73927
84995
53116
92376
61797
68869
97166
75089
35951
99633
13011
52626
25721
32825
69103
51199
89101
52011
88469
90145
65795
70071
60365
15068
46193
79813
77002
16890
60286
66865
35288
48494
3795
11143
31555
86361
72751
62644
11100
13262
49549
26916
31284
27117
99121
89033
6844
85354
71268
43506
85252
76444
50740
48144
69771
52130
98089
41417
71319
55800
84595
95573
75769
4222
85551
87602
8161
70352
8197
87038
5562
63098
50612
13978
12767
92782
52691
27647
18716
84503
76113
94296
66955
82261
52937
39928
98584
67106
38927
50079
44539
56591
78021
44253
14812
33904
11328
45694
17347
75171
93967
47268
38006
94049
78681
12925
97441
65328
64401
79470
37753
46590
16988
36926
60968
13203
5796
4016
19770
11070
29613
93641
36581
56287
24131
36555
25153
54879
38701
39114
79732
76092
16069
14681
31670
13348
12426
70667
82135
13684
49767
94492
21090
9314
96712
50090
90014
31565
57878
94250
12012
75136
35747
40678
17471
53187
68347
316
52067
45643
24253
7700
54318
50467
34265
53157
86664
98278
52718
40060
66081
8475
57821
24853
26217
501
19481
31440
66392
8718
21000
95695
83981
1161
87261
83903
66414
24395
9555
34410
31778
42820
29426
20092
94259
62223
86684
65682
48771
39943
67610
68549
71975
9619
32002
38524
46292
71652
3659
40561
9521
52616
40613
91058
12928
6064
71052
627
12819
25968
45891
16792
18651
1284
11313
17217
46695
77728
82937
91347
45303
66959
59441
56804
67625
5148
92900
69391
39909
17420
52220
23562
39535
27571
59001
58137
89623
41760
66184
28275
10729
91020
25919
42064
48606
55078
3046
74606
9358
83630
39669
22805
40209
58237
1194
77553
89171
10302
64245
1443
43474
1883
81240
24850
37254
60702
18229
6409
49788
44409
50992
99023
98154
35870
88938
56301
33316
23400
19251
16995
94133
15304
73154
85749
76217
50819
91051
74835
45202
62432
26950
37479
92537
29455
90944
45771
7549
67076
53109
21881
69843
8322
97274
10587
11231
31562
66547
14119
7687
24464
90789
7662
65210
99626
14930
67174
72068
36903
69115
15672
96099
21471
51909
24026
72353
92866
4072
91926
37355
18521
47601
42039
88182
26568
12750
74846
91729
11700
88963
61986
78192
55442
73165
41544
16147
32091
21143
59856
69890
55979
56247
52015
56143
31771
78060
82781
36130
26503
48640
34575
42193
92560
3980
97427
61659
29829
89619
71313
74402
24208
22438
72443
76755
37264
76143
48442
96897
62023
79933
10281
60315
93193
95947
47050
506
36429
33729
74405
83935
82720
85762
27182
31297
75599
59913
11452
24518
89906
45203
71360
24537
46334
1156
96050
84491
84689
98598
14255
95442
87291
6921
44261
20356
80893
48677
63838
19881
53566
53969
52262
9451
60658
20432
87911
38129
81625
98324
56921
51847
86579
14553
87361
62534
79906
54437
11852
8482
18504
81714
30600
72718
65742
85611
30489
41575
10265
97415
53577
35611
58232
29321
95417
9196
40855
13787
49848
88247
64258
77379
33208
95490
32975
61815
12971
28921
86385
65811
31948
67976
3981
78591
59454
42599
21311
2827
24449
97070
26744
71311
44783
32197
24613
66825
87269
82869
10409
77164
14825
83475
33024
25797
90306
66026
26696
75663
14877
1264
84316
99366
36947
89880
56315
88543
4492
77111
25879
45359
45245
2287
27326
78739
28630
65136
93170
63631
44106
71794
12049
2705
24270
79223
30187
61073
51753
22259
32471
55229
73018
50645
59134
73199
12832
4536
10632
9991
1910
45039
26359
51171
79658
63701
12762
23949
69839
38889
17531
69947
68087
17663
61715
7080
92961
6832
93834
48011
15327
230
13105
85087
5812
21237
35522
52383
85477
97946
35250
64535
54615
33073
49956
55630
55428
30849
19993
78062
87221
50214
35755
6138
36086
94897
99471
37757
24924
873
80568
19808
14405
93297
24948
72825
36700
33011
54210
82989
43409
96499
84886
5296
55129
72909
77068
53779
15171
63290
34085
70275
21961
33391
61785
97401
39399
57990
73183
23074
54079
17255
33451
29231
83384
76030
17609
17800
52127
32710
66879
27449
45457
74612
44292
47014
18914
65180
99747
64964
82169
73329
47246
42865
15766
25571
21422
85623
54082
41678
33000
15314
76817
994
39873
68618
95045
31071
90502
3583
43227
22553
37400
28268
27864
54366
88962
83699
54314
74800
71749
24863
23785
52716
1860
88303
16842
64532
82010
28526
48578
35136
51771
55951
77719
37627
41261
54674
65015
48085
35849
69548
80270
23776
90700
48421
24705
4427
24155
6417
51233
29575
78252
68521
71470
68810
89998
96286
33929
43430
83946
15489
60425
85084
33812
3377
25531
82681
41801
52276
5068
53648
83217
12932
32591
61091
25195
64759
91708
20635
61966
39216
87365
58880
43093
30167
24374
58564
34690
57562
43777
6442
46864
74690
3139
90900
88855
77425
48192
85829
56605
55100
80624
45675
98486
73182
29438
92403
48917
5066
36722
20469
28964
67071
67650
23366
6538
44432
64210
13800
48175
83005
45554
64887
5285
78469
43296
53204
51874
67021
44522
41303
89833
47671
40006
29339
23088
77346
21686
72148
14092
6394
51230
23710
81459
53782
10550
86107
9430
60346
51780
20998
7562
51754
20061
62431
7505
69874
18874
19216
57918
47335
74123
10883
59651
73527
529
13582
79048
23547
15676
50598
748
78777
95334
31365
75958
24565
78728
83965
8153
93505
65105
15520
24872
55124
227
77700
66572
83366
23388
79800
127
49052
2936
39641
32463
23430
83384
56178
94734
20654
80128
41751
68865
86536
15828
16055
43308
86265
92626
39901
57374
44526
16191
1034
68067
51654
11745
63462
36244
95011
5213
91977
94540
37388
67602
57699
8685
59512
11194
77712
92124
24282
46499
8004
61690
90630
91494
53393
90665
97000
29986
74554
86558
15892
72972
36315
29702
19281
74182
62944
35873
83915
36667
29488
58294
61761
63454
52506
45161
20485
11801
80789
15176
3545
22662
81966
41697
75956
48148
53512
39041
67358
83922
59627
3850
43586
90061
46801
39789
42159
61717
76397
17425
63684
354
85199
33623
38117
58202
15374
81417
21507
78049
98506
37492
53369
95302
65298
82668
61349
78884
42298
24566
20138
13513
35764
96618
65279
58727
59492
59209
27020
15330
40955
16415
89624
47123
56024
77736
24320
57819
39820
24011
29555
90417
16971
63884
56940
29350
31291
49027
84422
45667
73479
73959
25972
7106
96246
16413
29591
28041
97672
49079
79333
33024
52132
92448
91672
79806
10710
90522
99587
56000
14451
5097
1651
29249
72197
55937
71178
24710
79120
50098
35100
14122
94033
16129
90215
94383
79136
6870
30981
14886
32059
17880
18217
59066
19077
16513
44310
63875
86430
96011
86618
73887
63095
60298
3739
84458
79596
6516
2694
494
88586
43740
32521
49038
87109
40745
87878
55332
47661
60645
51685
34938
66005
51577
2861
19433
44250
83846
35477
59184
78554
7481
83165
8139
48875
75578
24038
77889
25025
76975
53894
2981
28315
48345
6347
6808
80769
70853
14583
71363
71378
40921
90864
22319
58584
74073
27985
91270
17987
31877
1734
16523
42746
86421
34737
93379
23001
97629
15981
41538
6022
92889
70062
42770
30079
97406
85020
14525
59023
22023
4117
76146
50097
23324
34653
66366
20328
6917
34222
48067
51616
39586
76994
97732
29055
96283
28589
1136
65005
5746
20307
59514
91730
58646
40548
4257
27906
61984
33736
66894
237
33732
87334
7070
76395
31932
66314
41346
83092
16344
73219
16743
99190
67584
77117
40053
77663
67014
95612
47107
56394
22856
22695
57445
26646
20753
79289
70411
52697
45501
4074
17111
58830
31358
99621
88445
952
61293
53693
43878
1470
46722
78582
7438
60743
26469
59965
55267
1485
80081
51882
59734
11744
6906
5613
36457
876
89525
31647
50195
94647
94216
89033
54229
87797
15411
96759
31044
94810
16692
22317
85952
2011
81625
37724
76404
26340
81389
54386
53700
75365
22520
68990
28316
81337
94435
81767
16775
94463
81352
59884
75382
41980
81846
80760
47760
16181
93207
91968
77913
95924
23192
85817
88071
27381
52027
27088
24894
8155
53704
73735
81148
79929
9867
66847
88129
49963
68236
44256
97095
78497
28220
5173
38751
6725
10115
14019
44804
76191
6392
20083
38279
55269
68159
92962
12802
52186
89860
87185
99293
42735
17550
57063
56872
11680
82935
24144
53405
41058
96844
46194
60195
85366
58608
45097
11584
13830
62293
80392
39491
91359
39762
8877
60558
450
87501
64115
50259
74116
4919
95923
54439
19025
3479
82773
12655
11670
6400
10212
53047
7071
51316
35801
48202
1120
79407
88885
64803
53212
80985
33954
44349
16456
25272
70346
11404
90312
78831
72828
70259
47709
54699
6238
45523
39609
56765
73424
32768
16508
64715
41491
16842
22474
10035
70170
50040
17915
97928
19612
87656
36972
28542
13875
3450
4668
45391
87319
47803
48415
33126
81822
16229
68675
9890
58062
13433
14184
30533
50416
17591
12021
42706
82631
62845
72916
51474
79924
10173
47725
42106
88141
23871
36481
99344
34767
45020
37151
8131
2828
42138
78274
51293
47417
35364
44647
41911
27712
59412
45814
58184
25144
34576
98575
4766
65015
88783
77418
27183
94056
18974
37304
30175
76661
28302
41656
37527
95897
39640
6997
92947
41571
8939
64957
14806
37435
71101
30987
68947
90810
69448
35826
38716
40321
36763
25508
72465
18759
35052
18128
79292
99715
47241
76015
54548
54382
97239
89798
16117
82037
11812
3710
19594
87018
20999
58253
42126
96214
85719
78137
55134
43987
31102
36771
55506
63916
29186
73781
65724
9150
82264
29230
99141
77164
12809
23890
73403
30126
61681
49112
26193
94759
72993
53735
84438
44551
9489
68556
1315
77748
21888
91786
55718
77875
17608
41707
62051
40392
63655
24083
67116
2133
62115
69216
70088
57671
60761
34496
78668
38989
45666
18340
78978
19495
6927
19120
96279
93057
89061
33097
86927
29589
3652
52876
18542
58042
94621
29262
76511
81225
28705
87873
7903
32826
96424
9731
23694
60452
71124
25853
51553
86814
9781
59830
48337
58151
31579
42942
95190
65164
94288
45467
74804
15584
77569
95097
13181
54988
55422
62408
21906
53038
19099
18797
85864
76396
11414
80703
55659
55463
59867
90424
18132
88476
74436
7056
36289
51160
11524
85059
17195
7808
3551
39203
30800
3701
81822
83164
35327
67019
26046
3785
39354
30270
28123
53984
37120
77397
97018
29539
90278
72725
88832
99886
46267
13301
38384
60326
19513
98929
16564
93549
99045
40047
85501
8411
46186
99092
99052
25550
12345
46743
42597
30735
73013
79543
21854
75786
40134
8989
72059
76189
22950
95841
45495
73882
11718
10921
37843
56252
10165
44163
46812
23372
81100
3198
28859
34079
75304
80881
72479
59306
66358
22783
25652
17333
45342
3397
11008
78498
70361
49089
2882
81528
2259
90331
96194
39715
8220
65910
68162
25118
77309
16989
57491
71028
5504
77081
62843
29338
15331
67633
68991
68913
4419
69202
43086
46888
26363
25132
62931
16825
11160
45088
8563
54172
53229
11515
65468
5079
71295
56693
95413
67081
55159
4367
72382
23664
11458
72458
30793
31066
49344
74363
44968
41257
8396
73827
1867
19824
20567
31159
96055
16432
7583
57994
10450
63295
79666
42717
63766
95109
79500
31652
83093
23137
55596
81987
58245
95737
97371
12017
9815
94383
90227
27678
12402
84065
2815
60664
10988
43533
78221
33633
77537
3702
88092
13032
70404
75174
18108
48570
25542
20266
35721
31109
28012
12058
42396
19302
62185
79243
32097
58817
71048
26595
44068
77276
44355
28221
20547
4231
50912
59415
9847
93702
99704
80392
21247
11489
27260
91118
59670
79115
72837
16217
23673
25179
26976
65739
189
18880
53190
9976
21070
6506
63791
2794
26599
30374
94510
54628
91640
34999
25035
77077
88894
43221
57910
66432
56584
5826
23989
65287
98377
37662
12559
18400
5604
59112
61935
57426
56157
56213
91962
341
36228
9651
77654
36749
53413
28300
22916
15898
94164
82677
85010
76028
38138
14460
44650
69814
38263
93644
84215
12515
36315
38716
99148
66343
78630
86955
49104
34930
6603
52899
74489
78132
65481
39770
62509
7572
63017
35007
5641
44242
9551
29927
62196
49034
23315
29510
47886
20743
53418
51970
69460
65000
97510
20025
9755
3797
34921
76411
79432
6096
10245
12228
14968
80340
59476
45252
79300
28730
98300
123
11293
31184
46667
42256
82998
48787
62214
83153
49853
31758
86892
49867
74874
60454
11575
41206
37963
29767
61137
33872
89844
81063
61527
25858
16142
44487
56706
77520
9622
25078
67329
87207
49737
27381
916
12370
49493
10832
56203
37294
70845
56150
72084
33601
92029
1035
27939
77843
72219
36963
18549
31149
64306
27483
35557
8403
35636
70017
99248
51581
35683
73335
46219
47267
16302
43975
11898
85294
67379
43952
43413
69625
58335
81298
93246
38862
24361
71505
18155
30501
28504
70639
36283
49954
33911
34728
18096
92763
91694
24306
1643
34024
56205
40488
20043
50230
10769
7573
51409
75694
88335
82331
53165
66754
5427
23017
20075
14489
99447
57125
61878
97153
32635
43467
38101
92855
54429
33335
53029
45196
97378
56399
64490
34665
54126
46299
48598
19853
70747
23520
24897
68000
78867
33563
3817
97036
92130
26244
11448
88537
73332
4048
48969
86809
4074
79045
37434
81451
83056
5345
55256
37643
93637
45214
81066
24797
13199
2690
65802
49880
34237
10454
51377
18913
56797
96840
40883
65173
87745
43050
70726
90283
65696
90564
83316
56750
69291
5770
83602
50423
21609
155
20690
52981
72314
21841
48657
10427
96166
22366
46214
26714
54866
49551
17156
38666
1453
36854
25713
93400
29722
32183
85661
99146
7682
18307
28961
48989
93503
44504
72120
7403
35178
59078
25376
21261
78162
91767
76804
49794
55247
68826
93615
73424
13274
30144
21812
94860
66399
64121
21405
33135
91959
53017
10330
34190
78228
83502
69401
75167
95938
90720
17518
2746
29680
75969
62851
14975
41219
83356
38959
29846
13590
62282
39033
6191
65266
29690
53861
53149
61401
39374
86743
37135
95314
21140
91463
53268
61774
89988
27369
45496
91565
52018
21052
9094
10508
75169
21734
76475
63314
5085
18785
16116
21650
86688
27321
33388
80068
90510
48662
26345
36510
77851
79798
48894
15271
92728
20778
79849
56789
79892
56694
64264
11629
12664
26815
94694
75053
87307
22903
72099
43401
24494
72629
72816
95098
40649
76849
75180
96005
22378
24829
1417
49206
27597
71759
27958
34863
570
1920
79714
29501
63721
13961
48583
34316
77124
2613
43888
6448
758
88367
66330
28355
13123
68530
60993
82460
32998
88224
91103
99335
76531
59957
49295
47038
11096
69176
19929
16847
58325
98952
56622
2337
42845
68582
68964
56843
85903
69463
41748
84052
27093
65647
11836
36926
47699
87757
91514
30857
67180
20436
90535
26749
91157
30193
10353
33483
10567
38295
48770
30596
98572
46795
34081
33932
85684
95386
30155
14979
872
5952
53121
94271
4516
91949
42439
1707
34734
7099
24570
24926
85081
6165
73550
59957
69108
19242
52059
15039
69877
7887
52225
78307
81127
63720
1293
99524
20833
24620
1138
79298
263
291
47451
93160
96236
50006
43306
32315
75820
40871
11694
86086
88696
32387
72304
26798
69919
64842
4237
21787
8832
8718
32086
3289
47214
60894
34650
50351
39916
38036
9884
23471
71063
27812
71946
8810
93492
25165
4430
75907
81926
53911
39820
2219
45753
43684
55325
52429
54386
61523
62287
86024
78082
76257
48690
49820
67827
40889
51321
47672
1848
73750
87035
77956
20213
78185
26239
89334
55472
77316
64843
3796
69315
30006
49290
88288
22062
21856
4199
12952
81475
99985
64224
12536
68374
42824
81994
90074
32463
39384
63180
45143
44526
54189
16614
67081
32451
54495
95684
61028
24734
36301
1497
39377
64494
15246
47906
81879
63635
25472
17523
18825
49094
69435
33586
24509
7770
41578
95869
59519
88850
87286
35442
17651
29899
49290
27286
11081
12726
50288
25636
99623
79733
85059
19236
72265
97772
2721
1747
47356
14241
72362
98113
41588
10247
36350
50523
45243
25790
18133
60011
75452
89170
36713
87946
73458
23088
52773
17488
58086
83610
9191
58510
69497
13300
41522
15576
22759
15225
46966
41324
23344
8429
14446
59948
8965
4560
66630
3097
20892
21189
59318
30192
12270
26330
686
23456
86925
94679
73606
49762
32688
32613
88224
8827
66809
91655
46444
36420
98296
13639
23312
67781
31797
68266
42910
14348
73248
16856
19985
66718
29125
42738
46496
49
80132
83882
36699
3663
78493
69225
69696
55511
89399
61278
82876
80996
42470
51990
76560
2973
84929
5649
30252
87609
6161
6315
65370
86939
71938
48826
20188
16238
35255
80354
54804
3492
211
7798
72268
13714
50062
28685
29881
33887
32115
77451
59287
14748
23013
8983
99570
16948
98509
43948
22543
4954
20900
45568
9293
7071
61071
71388
64880
734
1157
90302
83518
34975
25250
73468
23483
18542
18113
5874
66630
55450
87551
40047
82476
14224
21163
46156
5851
99801
18718
93364
74229
86995
851
76322
30836
61773
38393
27373
17439
74982
75968
50057
40197
21982
44749
38865
83104
11173
88474
70108
8299
10417
21783
23484
15365
16908
73088
68142
50403
87143
8951
26486
53238
62974
83180
75313
31674
43950
22648
16660
39068
26914
75730
94938
96095
60034
99665
10767
54866
67505
81166
53316
68404
95097
61148
52957
91986
69119
74975
73190
60471
12340
63433
91178
23121
7223
82990
66598
28499
98359
41013
63582
3566
6328
42691
96485
96223
94648
43765
93751
69612
23522
42056
60849
78045
14869
33066
50153
85299
21973
66343
92712
27928
61074
65898
4359
25629
62539
98778
66944
34850
65018
66661
51899
40538
4022
41619
9893
71918
21136
20899
30871
58920
24689
89900
53463
1458
12146
12084
25034
50469
78543
44548
33444
50903
69499
16283
67298
44256
12978
94408
18733
86234
10481
95093
48186
30480
88267
38537
60968
71022
75305
20188
42857
14431
88242
80932
81287
28574
57404
92616
80030
60847
58225
36852
28111
27191
75311
49645
24330
72057
111
29520
22675
67904
87248
4723
31365
4002
47933
1916
10060
44601
43099
70522
73840
7895
23772
89644
68058
50280
18337
59640
15916
76137
72837
60834
86403
7189
85813
87806
915
84554
22715
31199
65551
69146
21642
2396
21691
21344
11192
98251
3587
93097
27583
18787
64706
63313
32545
52077
76647
93152
51644
87319
50194
71736
4856
19796
90235
84300
83306
42139
18173
85805
13194
4969
14558
54619
71627
94939
25741
83703
45946
94328
52965
29686
70073
63741
18957
98847
36770
35057
23656
32440
93512
80868
73963
86405
76913
7292
670
29171
15832
4255
72471
33632
86183
61556
55299
36833
11140
36489
43059
33464
60536
96146
99498
45358
96566
26190
26587
59498
24903
83863
15077
67210
64454
26242
68371
85443
31754
14265
58566
14449
45564
33886
75909
70586
61560
24452
4474
59379
10907
9119
54285
94659
52138
26308
51711
31908
16783
88189
11591
7284
51602
87001
7136
10453
28689
23026
20308
92802
94684
41897
16014
81853
81625
61600
22632
19160
4773
77366
55925
15354
94643
19256
27100
73478
81463
237
4954
52645
7707
80914
93154
62767
72933
48405
43481
15735
26028
27126
67296
47409
35788
24312
81684
88235
31319
32082
46540
43970
95444
50466
77590
1183
84793
89274
77112
80257
40692
49908
1329
56337
62859
64442
36190
11475
16145
10678
73338
4294
24153
19527
64095
89347
79616
52436
55766
70613
31942
88026
14581
13916
55493
12433
16612
62519
63183
71591
78845
56235
2881
40061
11480
23849
41681
51574
3747
95899
99954
94845
98102
4906
65906
56424
69665
3713
96128
19778
65039
18044
34915
42944
20706
20664
41129
56568
18519
69731
565
37846
79621
73977
15191
27174
30706
44892
98299
23447
72439
19040
30360
91818
56024
83454
79112
90904
99126
78574
6074
45316
89852
6348
36587
55887
25067
62562
10194
83123
77420
88689
33305
48232
31772
45301
4144
90095
97323
83820
36123
27523
51192
59482
25379
45987
10033
42961
70787
59913
85197
78100
7800
26782
64567
75278
43723
16391
29368
75856
97541
13354
41250
98278
26640
31495
56330
45770
35605
68702
70982
16395
79602
70420
80174
47109
23763
24364
65581
64427
310
89984
45714
17646
57620
14249
55718
22810
38219
6515
49541
24183
30483
10944
20126
43860
99729
63420
37896
84366
68413
60041
55805
64753
13099
28512
46011
45461
65604
73212
39346
86855
59418
30361
92917
61210
58100
21216
97917
74793
66749
40073
28696
68638
58479
30208
73505
76074
42865
90172
382
56103
20834
21657
94520
23481
89213
33859
13001
15452
56525
77284
67207
61694
49742
37268
39179
71189
84653
3240
86874
7996
28546
27648
82990
99065
32199
56383
72500
5856
1374
48621
61447
79297
57216
41762
57051
28462
28855
44474
69260
55352
68991
90831
25139
21195
39412
40572
33339
41068
13738
5950
89950
96632
7292
6289
27322
59307
24245
32924
93793
63650
14687
18135
56880
70375
67100
89191
6273
43572
87880
71822
11644
48220
693
97457
68650
3643
45577
93299
30813
24382
9614
28713
87328
89193
64402
74014
87498
86567
63787
66638
81888
32096
10678
62358
39238
84194
83914
76663
36769
55806
67329
96292
25467
48658
44245
67307
43754
10413
99560
90578
83231
13719
87174
67875
84683
21363
35799
23762
43225
85914
87234
80394
76003
3278
49870
84843
57601
64505
38664
72276
39149
68824
61276
54689
46230
40262
89878
12620
45754
69398
80633
80611
92479
69040
57531
92508
6212
61228
78773
47286
8536
50356
63309
39959
12152
65789
42470
2106
48395
18396
43503
40880
87255
54184
50821
81266
39515
76588
66496
39807
76490
94934
67681
17574
86676
79402
72619
50177
51145
99535
66976
88919
67956
60324
77822
70677
33612
29739
11494
7055
85385
75661
92597
79707
80525
24805
18864
40171
79896
42429
38480
36575
2151
46832
97204
50185
19368
38056
41167
62746
11463
75273
55276
74119
55070
67236
63046
68641
50791
24236
85673
4291
11013
42433
51673
37595
32680
27343
55235
80802
55448
6934
88861
50901
72284
49411
35816
34345
8872
91844
86339
36802
32501
22356
19571
3810
76974
92276
58314
73913
69169
95670
31843
46204
56568
76106
57157
55469
39433
60079
97930
94012
4635
57464
28721
44747
82277
35926
81845
65839
9214
82297
53565
50381
58435
95073
33858
73127
91029
60654
94197
79116
82286
80619
11334
45493
70444
83049
77165
35210
61966
34982
45865
40564
7694
10239
55897
81996
75204
25851
43564
37180
33816
97413
26790
18228
93467
3567
5266
9368
60543
44869
95764
64859
49824
57524
81210
81767
33697
56363
56285
58894
36829
95471
79025
57114
78568
32164
51054
50078
49555
93129
94718
79009
54130
92010
9231
93334
4386
41189
94439
41554
87120
33065
20554
32258
94891
77480
41292
1833
45386
31545
91414
14567
52829
8786
92453
97440
49688
56784
85002
91363
38519
89866
94122
46623
96848
77059
12102
76516
77094
71681
39318
75918
13718
57932
98494
91856
79572
22981
61690
97573
10936
29474
81400
26534
80083
23064
77698
43335
52577
97335
48731
47317
13901
4501
98851
88940
67903
55763
92475
16935
82941
58291
40090
46559
77083
33275
25377
8976
28
30675
37602
28379
44081
22401
10360
20560
32968
65632
50041
45287
62351
11024
15675
50331
72888
52652
20496
39353
23828
11422
78044
32350
20243
17191
28414
32956
8671
60887
20451
87342
16286
25377
36621
80364
81605
44379
40554
39004
50736
68003
43670
50906
89912
25452
85798
72188
89661
57910
17758
37738
67609
3122
67554
13868
45941
71365
83294
2975
42993
53436
73326
16753
43276
51906
22221
54981
40687
43200
65519
73377
85122
67398
95799
48224
81334
71735
7278
66832
67612
77253
38945
299
18372
15723
8596
89560
60630
47615
98188
78945
96332
44295
65082
92048
99663
97812
69380
7806
40738
37617
48103
47907
169
20460
47001
3274
15524
6426
90891
72602
39398
55702
87787
19249
86069
5538
9525
83194
51929
47759
5359
81395
52212
4709
27971
72241
99616
90543
18361
66824
16116
81685
3291
44322
13855
2992
10053
5775
59175
11081
14539
12820
46999
9458
40078
46202
95109
92969
29684
29908
85799
56541
23777
84345
49956
2548
40910
64754
34323
32869
55501
88192
61037
19397
58856
67974
77359
34133
87778
95270
27093
69650
52344
22018
54613
60392
71656
32759
59834
34016
95852
25505
43374
94510
15030
50413
86385
87977
56260
98440
65440
68969
42367
8980
8814
31479
73646
91358
64358
7703
46481
42859
59027
84898
40012
84934
54886
6957
38861
46042
77681
68102
99779
3331
10104
43364
97149
36623
30372
24857
37955
18555
46160
87949
90008
58119
88006
45642
93423
49180
97039
83120
64247
66273
12561
97538
12102
66997
70574
81218
66822
90953
58777
84989
59194
958
24801
35547
37107
47197
18679
77137
79430
22072
6160
9297
21872
16371
79585
61821
39592
72607
440
26666
71094
11477
91379
35370
5372
22278
41824
66144
35557
71944
61432
22351
61015
42643
90876
87946
57528
53724
52390
55526
11440
61205
5661
29181
17688
52784
36691
80932
15673
7435
37224
68013
92608
92435
33281
34929
19618
51339
40273
32962
54428
50632
8198
45571
27945
13202
30445
13123
65519
6130
74196
67387
75284
49506
96799
51859
96669
63917
64106
54652
6741
68343
21583
63374
88734
69332
54313
95516
44402
63880
97750
2085
82504
8772
38466
34045
81019
37130
26074
42953
1136
82657
21171
70078
14625
10780
69672
82844
51625
11837
32489
2944
74545
71774
61057
78285
20481
45799
54938
27514
18487
24683
28039
67229
58471
46904
29670
28045
86723
89537
44156
94717
19344
21946
43954
17237
60733
76137
80738
45820
25446
18090
60688
23935
24786
72504
71398
96677
17534
81709
27725
64051
92479
15814
29698
9082
76033
73605
27578
65877
95397
26413
45908
26424
27505
48598
7287
33978
6424
31820
73902
40773
56484
21110
97671
47482
92307
57634
78935
80664
99332
26465
8442
83330
35836
52545
83448
67253
86904
65507
39726
28199
32035
83649
21917
79142
58445
30387
33477
67900
62641
86184
66526
89410
77467
66098
84076
46202
4148
77464
81220
21521
14730
32744
90901
5328
63591
17592
37329
91291
39512
97293
68953
74030
4779
63666
78350
18801
22682
34768
99445
57763
73643
12812
29011
60205
55356
50668
83047
15979
51270
36178
31701
73384
27182
28304
94342
59400
99786
74536
24671
82263
61062
57904
51369
21929
72893
21441
15040
46416
68216
19757
85498
62091
20971
83262
81031
96445
66479
19234
13420
13857
12010
72693
53807
82346
80402
96724
61993
70094
63035
58271
87890
43670
99206
36285
88972
86368
4021
77315
76149
50110
32972
96534
93973
55089
95962
99178
25531
8535
9493
1730
86439
97848
64388
75827
34929
6145
18064
5748
3564
75629
92279
93229
75904
85739
81614
1903
5109
71777
43315
98037
90993
7716
30034
36162
28017
11654
62146
94919
52405
83864
71648
73115
37666
80382
20480
6372
72694
84791
43349
25031
66823
14090
18960
17007
32041
70173
8220
63704
1620
72778
47346
62763
35095
15335
25582
47164
77420
89578
31258
49164
55451
89369
98987
80426
74030
25982
92712
68147
92893
79079
77418
33753
87473
43632
72115
27407
1248
75450
93423
26482
71582
4073
37051
69700
36573
84827
70587
11042
58953
14710
66332
50581
3964
36800
8189
92957
63301
74832
58493
6295
43188
98482
28830
22389
70956
77509
28795
36119
76086
8369
15160
18352
21690
99216
23256
35886
18760
93222
22564
48022
60786
50279
94504
69095
99432
98804
59285
20079
75872
5983
30083
16049
31025
13748
24814
74917
11316
35232
79942
9789
97322
25337
29982
70657
51487
96500
73423
85217
53862
73387
32079
28055
72874
5485
13405
79710
9514
24765
82200
2216
21395
89689
22645
43273
33476
70312
95339
56435
1394
84842
38391
47994
53047
99984
74798
28748
27265
35951
90126
92769
54642
5917
63308
922
89308
59293
56850
19311
80824
22494
10528
57260
72458
27682
34296
56380
10160
68202
72908
80780
55288
68678
35989
72580
79535
69418
94239
33523
52372
48538
69109
93282
14809
51939
32951
82933
70285
63763
7190
57222
22317
25790
89224
60693
72887
82162
6142
22054
95617
92695
6656
77491
76082
66753
5113
26068
55515
5518
212
8630
71896
75129
23480
59428
85437
7740
78402
7121
33252
46920
9148
39842
43982
78952
21988
81627
45519
60329
59903
56449
10823
9105
75699
62539
82755
67226
98532
60844
9298
2788
97319
36813
93816
39184
42147
8379
68080
67431
44915
53700
71092
45563
11020
92240
30720
30951
69041
24320
11691
89588
46490
6939
54696
84785
74182
93806
52006
61820
16140
82455
88282
96661
97145
82714
16620
37341
6628
23023
34856
41919
22555
33745
81883
22467
73692
38710
14490
25246
47093
81138
23057
81884
60740
8010
49627
85302
68086
10925
68512
92618
63624
73794
52819
36312
148
78216
74148
94604
9137
50611
5367
848
51602
45457
89607
31540
67645
60955
91554
99416
80853
5413
67199
60480
26522
86814
22415
48
45074
46385
58504
99207
81938
75026
65266
6266
72268
58986
17270
83940
77108
59610
36154
36752
66923
61739
61545
15360
94869
68412
50552
4995
65887
58512
75510
21428
29320
49043
21491
5546
48027
62529
76832
21818
60443
85456
67206
50954
30625
90800
72125
92920
81474
10965
44683
79395
69029
83858
23217
92222
7577
11292
66982
93284
23659
75087
40388
89480
38623
69665
11926
78314
90689
92412
22949
24280
62021
79493
97751
39975
89139
49360
41431
56920
1157
2892
24889
43893
65096
31092
91588
3009
73085
84335
50865
27824
39002
4747
46036
18547
4174
25944
27315
40880
71709
76616
81862
58153
43502
55824
86275
48772
68640
18291
65704
36191
30764
58784
66143
83117
34212
91091
91895
86995
55301
62500
39150
15628
2701
81446
81219
50100
52631
76016
36420
75758
86209
86319
45267
56588
1917
58527
95992
2225
16032
66451
43399
43983
76284
90663
34206
42960
52797
64312
78013
78543
5579
29949
40468
38388
91767
37168
88317
11870
4365
52720
10902
37017
47844
13155
84943
75882
81349
42049
87283
39116
82562
591
84146
68670
38273
55302
39183
7530
89107
67123
89455
69607
36562
24653
9467
3320
84123
56467
75529
62193
38857
57502
8066
75423
3383
35893
15740
18746
67373
6434
38949
50347
64216
90425
9503
59052
70265
39079
97215
77222
92015
21780
62685
76346
90373
36278
99902
34504
18366
50500
48685
11870
67986
69044
25567
55553
82685
41075
31770
36367
74974
57046
85351
49027
89255
69224
94175
49419
91736
19041
13229
35615
93106
64666
36456
94289
68884
79477
73924
46332
69241
82288
84419
67983
72445
63821
75466
73609
66770
36485
75500
67704
58844
57058
11572
99346
52841
74014
66448
22213
26893
30042
69756
34696
85320
42515
37202
92343
65451
73621
93453
32212
35792
5914
71975
39841
97667
62375
75117
104
52814
81551
30822
35260
97976
40427
109
83638
96660
71762
65902
37497
2692
30069
93342
9159
50913
89351
14317
14748
9409
79698
19852
67479
68832
39180
22151
72641
30842
99700
96445
69948
7400
65374
44448
14607
34390
43332
6824
69059
3834
71202
78942
17097
62209
78990
51620
12402
9188
44925
82438
85279
53669
54667
78380
14257
85434
55275
79939
10764
42782
80788
94218
50235
78336
33429
27699
83437
66743
15493
93330
70503
29875
34591
6819
88397
44929
99061
34996
62465
43593
9568
96900
80340
77783
1326
47031
85694
4925
91705
95535
23927
67502
51656
12540
56427
34805
12524
8315
69374
93255
57238
47307
12365
36317
82675
90924
91354
67626
80182
42441
61900
4431
1285
33750
6981
33816
36674
61961
6896
45469
53273
99032
63481
52263
13717
66774
59339
55414
82986
67789
16245
32151
8092
35185
58541
39306
18498
15991
20046
29395
42876
67817
61718
97051
54814
59662
64219
52228
69741
58325
73513
37661
31192
4309
69380
18564
18195
93084
31536
41214
3717
43756
34061
84695
732
50366
6659
91753
79515
64197
11038
51275
76253
70755
68335
47287
83227
6946
8237
86198
32705
65569
43061
82010
95288
61944
5036
89684
31999
42832
97266
40102
79694
17649
16788
17522
94288
93382
52044
1265
91689
19921
35249
17984
99032
28379
32222
30979
5975
67721
21454
71924
72975
34250
16215
52206
95756
68916
75436
1876
95191
77453
96548
17287
2186
25181
95281
77095
27293
56546
47044
80825
51994
33543
3022
27451
25578
54251
28240
10798
59665
27226
93231
9014
51863
38159
23830
71604
13322
17704
65754
55245
1173
27964
44228
95110
36954
71070
61386
36288
76335
52108
62407
4362
33872
17983
89288
20188
40090
78597
10779
27557
15019
76634
65507
65149
72472
35670
47406
15540
88228
81729
37035
52505
84541
63329
52436
53636
22944
97911
80172
33502
9741
7577
23885
42509
65051
83090
81279
74753
99061
47775
28517
18277
57430
55130
76604
39909
50891
1022
71484
82840
86312
71505
79033
12093
41377
18066
54828
75610
77427
80840
44635
58026
93874
28625
84688
38553
5218
95580
15606
53902
26585
17554
5807
5634
15478
11257
75734
44805
30281
32798
82823
25459
15293
60121
84067
31120
17332
77456
40430
72228
74777
43603
55593
29359
82762
97489
18007
77759
23558
84218
80074
29567
21296
54605
69819
44925
12175
9006
52818
78664
59697
74353
18001
46791
58289
2431
85384
32820
56284
99930
44532
29627
49306
83740
8101
50048
47115
18292
97699
58968
61968
49809
17185
98933
71682
33166
98991
94059
48847
70740
78769
74289
90804
77135
97326
91306
49523
32380
25707
41163
98753
67701
36287
34264
27016
56304
48100
79371
65381
87612
14501
44800
82369
86355
42587
24120
92507
10418
24319
39451
7817
93206
38667
90382
68920
10209
65893
53475
13187
95830
99748
89849
22950
93050
76101
71567
34120
81559
19598
77778
18878
14914
44075
83738
73977
31426
9107
53560
39643
36625
86883
86079
35683
15102
90968
21952
70050
44074
79538
89071
20375
50093
89148
23148
97662
39964
96879
65533
21650
71670
8670
94690
377
41336
69504
30888
17558
24706
65802
61425
75391
82623
72049
80843
210
46420
39109
85597
42242
6239
95492
18671
19201
33937
3810
88916
27582
31877
81616
98343
77133
38729
53652
4287
55093
66761
45578
87038
1301
12582
33303
4518
96406
10640
832
10782
62088
92720
35484
86263
91777
64815
25979
40975
20728
25077
75410
57271
82152
1857
25395
46690
31185
19515
22770
5489
20336
64200
80982
46955
37340
51000
79458
79322
69759
95378
8985
2310
26487
22193
65673
41723
57102
74337
73020
24267
36956
56826
95509
51654
12510
10397
62874
41353
76563
86783
17682
6059
78680
96294
97959
72316
32178
41196
73904
65616
47751
10714
96890
90772
7071
93375
7408
38306
44382
47897
7366
61837
69256
24358
28864
23536
80660
5779
49943
10837
20157
32907
77313
62234
24301
26618
80806
93897
33003
96790
81898
29364
94968
76646
58522
40137
79934
79181
86654
32900
36761
85645
19935
97932
86275
3806
30182
16304
59675
9746
56144
37173
29548
50060
45640
83160
39416
95882
16109
18201
22015
28372
68708
94862
41562
89148
56829
21963
50563
88520
90503
52118
42747
69755
56368
68934
33264
65009
35733
55025
66030
45066
26129
5022
31387
34131
17995
46043
99189
24750
51998
82421
35711
19777
50466
51250
52543
3425
82779
59891
45029
74497
13259
95944
27861
10985
74368
6258
89201
95543
3874
58160
13022
33546
93971
48294
6994
81292
90496
46906
81909
98172
16826
97898
83430
98428
96060
55807
96916
31175
85951
33256
60556
79864
50404
93218
82494
50895
12822
80358
81603
26585
95630
31219
16153
67854
49350
46817
10816
52538
4269
4282
22326
4560
29074
98909
90092
64074
30637
12054
46677
39832
79101
76795
28145
82788
84677
7684
12092
72222
88193
92100
81670
28330
68582
81828
19720
91295
65441
29372
29510
893
95144
54280
93931
93067
61210
44650
46119
95773
28300
66067
46282
83820
77629
55642
56167
40135
8671
72387
36470
34648
95127
5650
3732
89903
42584
1797
22816
47057
76318
79042
3955
13668
52778
24754
93679
98153
27345
70386
21873
40893
88088
20093
3426
37079
51419
51036
21690
56432
41723
56555
71443
43868
43845
16092
41778
20290
29985
9544
819
19569
21629
55215
257
61876
23012
69523
80702
92647
63405
41336
7492
8717
51104
12111
99205
80296
8830
70356
11632
18714
70769
59300
5513
64581
60996
39517
48181
96447
15052
29733
53553
3912
19202
10269
25651
14115
59077
26275
97363
57484
30712
18571
86561
20868
66501
3070
78703
24334
99608
13005
17204
19513
14147
23055
16013
34504
69819
70499
79268
99217
39335
52998
34136
43289
63135
71808
64241
48255
49518
80142
17826
96714
63085
58837
98503
19482
31090
43399
59271
36735
85726
95478
65784
38385
20096
98931
5006
26089
89134
34039
57979
91369
50270
17888
78489
94904
31353
49659
67552
43642
42580
99320
70533
48654
35589
47916
9903
81043
559
96635
14261
36868
89575
92238
809
1578
4955
27647
84230
36585
16605
90227
36318
86109
8345
48852
30006
30653
44132
76359
79627
17260
49496
79093
32379
77530
78159
28322
19565
50398
24844
38041
48815
5479
13858
35531
98726
94678
57075
74475
26865
69721
21747
91484
63998
14062
66688
61433
96252
8673
23017
93553
6881
19315
39484
89708
29235
28442
3789
96654
88887
85338
35747
18251
43970
56628
85394
78846
89667
64249
73022
46702
28516
4655
5837
86474
81931
50588
41413
89779
48116
46634
95990
319
51805
73677
89187
57751
97432
83225
17794
11280
59263
13044
3635
57878
18651
30096
58220
238
61388
8168
96521
93
26319
54222
44481
21954
77924
46689
65076
72172
89562
56427
98439
20750
22548
87614
95882
72862
28218
57545
67295
80477
14045
4419
56843
80828
52212
86558
14096
70481
42667
38312
65244
48261
19777
35658
58401
8487
7403
74300
10541
94179
13488
33421
31876
40646
47095
24437
2970
78330
74391
17440
90593
72316
73073
22464
95401
63370
93251
64067
1722
98219
41847
33898
92935
42012
82002
41799
1842
17034
42314
3758
40649
72633
78639
42848
54939
27283
70721
56211
40777
29474
99366
28207
45068
55855
50405
48390
70965
36895
27196
89062
78845
68566
13471
79729
77454
81279
14825
71934
89849
71483
28669
54797
67279
1420
38722
70408
97678
27215
60526
49419
44451
54288
97014
20191
21096
77116
48210
40808
62961
68840
84182
57330
95479
43081
58596
12276
72456
66927
36814
46761
39343
13970
25736
68849
21934
11849
28975
78436
9032
14099
60442
18022
2709
45499
75384
31264
61676
96394
28043
78168
67225
67931
96384
37330
36908
12714
69231
73707
67596
31472
41667
24250
59095
58354
22105
17869
73632
61393
53715
47737
40353
42757
91061
84857
13905
63895
17490
70526
45947
28665
90971
10053
22071
63876
74172
68412
70504
44283
4274
87212
17735
81561
11155
5584
39643
76888
30002
39939
38727
5700
34400
55539
83411
21621
40268
18272
92039
83680
17054
76287
98780
35072
48953
44883
42966
27403
60372
66028
7782
59645
15424
86862
3603
13632
98233
87753
99731
23390
62459
16076
37603
38998
58811
47227
85886
65058
72108
72772
66073
45373
88443
83861
41937
86165
49869
36120
24260
15951
30501
85679
78479
84571
68350
9714
62731
85426
98816
78996
21340
71535
47070
20183
82929
80422
27740
2666
53146
62242
7313
30304
60328
1895
34628
53750
73122
98189
14030
20837
88400
10031
13154
15206
55623
41265
95925
50367
15376
10055
78190
68957
11377
86203
12736
39502
40022
66503
46990
78860
99194
15370
24550
39611
83562
52789
72058
21982
64188
12148
48884
915
12841
7640
85309
43732
7272
25148
90044
79462
89901
19682
61283
32623
10867
82421
83434
52420
49164
92282
95149
98588
83928
82605
25234
58261
74601
78242
70075
69309
90431
6509
1228
19174
37154
48927
8853
54818
17686
73501
49
69531
70326
3178
46840
31093
95057
74880
96822
34517
4812
17688
94023
79514
71665
30839
96152
35897
55464
24079
85641
82171
27106
138
69980
56502
38049
70696
17910
43679
47747
40127
39574
78263
28671
12672
80497
29788
68592
37007
32706
49647
84219
11745
22
59818
9937
60508
51574
81285
85248
38049
94510
42798
93294
55003
77414
41747
52952
16889
87856
82687
87932
36059
45888
99445
57094
82243
38390
58037
53849
3557
2974
13946
82064
35233
34531
8694
47802
67908
27953
81686
80901
34143
38461
74487
36933
90883
22246
57127
72579
26141
5632
35762
95970
89158
26389
55358
37661
3341
97670
46579
20051
53466
84576
54591
39658
8824
1562
97858
32710
94810
39900
66264
22061
13241
53586
31887
32590
49124
38945
29769
52548
73604
70516
4279
84497
27476
91407
96439
98839
55353
54483
7858
16018
2378
5183
40105
94279
12394
98918
15842
26090
55857
51702
10723
22953
50639
43890
67157
34171
98030
39809
39936
2686
40954
42914
91320
16324
46379
13851
63954
11284
2000
90358
84137
25916
92368
40277
79005
21349
73503
68739
46840
57043
98549
85491
28480
88043
94699
5366
52174
6425
43427
79390
97547
96785
3328
1321
56478
62372
9057
86261
15081
48322
30157
67133
11019
63065
10240
8571
81681
22320
36973
95157
27126
48176
20358
49510
77397
4751
70004
31327
68511
5314
17214
53967
14260
2763
54995
7952
7941
37544
63356
24605
60182
1146
11086
22332
90490
17978
11630
69523
28148
89048
15705
48003
59687
90379
44520
87762
97243
22986
82142
50154
18220
17496
23216
31787
21319
9329
46259
19767
57610
20500
69181
32569
51096
27851
37918
58010
35500
6065
62792
94132
7913
67713
80822
95718
24600
56227
71880
6575
75010
28522
39896
21038
82409
5414
52073
37905
31855
8282
55170
49866
12617
96044
6017
26413
56486
4104
31340
50573
44048
10591
80638
75201
52762
95409
78246
51017
44461
29216
67315
40120
74345
9126
65528
82615
43996
58300
84933
62591
53248
14909
66504
38117
79690
28607
49901
96315
20778
76907
3477
18747
34582
18806
16647
95752
40212
42901
19465
97606
73957
88008
97073
70055
8933
91936
38715
31309
33032
15481
37521
94256
62655
95763
98
85391
63291
35939
28945
9950
80399
58975
22314
38822
4226
62160
90750
66150
24097
57047
88067
61567
19676
29851
90601
40656
19388
52385
65
19607
48182
78544
19109
99431
2477
46062
58596
56642
57151
72371
64441
64767
56113
25345
96029
39887
24382
22706
95818
75115
83305
27079
66397
42575
66917
27828
49917
27317
78036
21108
20172
91291
37934
33059
4951
76187
65255
48500
60543
12247
87413
79917
13828
8091
91716
71356
78495
20706
89812
36263
44966
68308
26459
59050
12986
21875
6975
71238
34188
48450
92968
5838
5473
48460
23159
18058
42999
22346
78966
93841
54107
50522
25702
92564
10295
57583
36908
40429
96006
41019
74708
28895
90252
97697
6674
69239
53508
65823
25426
82943
66326
17025
55868
10171
33942
64769
42856
40771
42115
37642
32511
86772
75198
9266
31062
26342
5367
54854
72378
56557
34298
99172
93467
56912
76218
68379
62031
16553
99643
79135
4439
89953
46980
53818
64954
14540
91896
31794
25570
18969
3976
49917
50078
77919
92669
49544
58869
40793
36896
15361
32838
21066
39021
40649
46912
20648
15442
87914
88695
83129
94536
39763
77383
96150
16727
8546
8756
10497
96329
10657
38996
79480
15671
84141
36440
58142
56106
25311
9248
57415
84148
73570
63710
92708
39988
20444
44273
43244
63575
53399
88999
56395
17348
57122
27724
18412
67374
22219
79292
56488
60635
71313
7418
52847
12853
46730
25869
33201
20
90153
10178
30276
592
9184
90693
28813
24442
69073
55884
70449
69287
67330
24391
22032
29823
57614
67045
33076
82428
32844
63067
58583
96427
24977
26934
12696
24020
2121
2506
97434
71881
74067
53148
82782
56418
55060
61576
12467
33803
97564
63387
37047
72874
54320
22643
60902
56954
93346
58949
5508
33365
72985
63327
86025
90098
8037
57460
89887
78949
26511
85470
2739
17220
82976
4689
83283
55608
84911
45441
33829
18306
39882
13782
3484
781
43785
30477
1308
29680
22805
97498
3482
70112
17501
79490
8655
72952
2977
42476
88373
10876
6868
62876
19341
34202
2564
92715
69997
9992
79924
62769
2360
24733
87041
38445
91383
83292
61781
21504
95550
94236
81417
7388
17723
39499
18874
10312
61696
34416
29248
19943
68580
25701
5240
63997
92567
25456
13065
64249
5721
98097
94063
32722
14357
58267
14365
11352
96315
20943
18474
69089
37975
31234
48294
94069
16881
73630
56274
3141
66032
90853
96593
48238
64549
27706
91099
40832
84292
28561
14153
56548
89297
44337
89488
79900
30392
28618
74245
46463
54794
75139
98325
35890
55860
23924
56812
61977
99622
36711
61453
61892
53809
96345
16314
75832
59870
72544
35826
97493
62385
81480
8041
21237