99996
99985
99984
99975
99963
99961
99954
99930
99913
99908
99902
99896
99886
99862
99832
99801
99786
99779
99748
99747
99739
99731
99729
99720
99717
99715
99712
99704
99700
99689
99687
99665
99663
99643
99635
99633
99626
99623
99622
99621
99617
99616
99608
99606
99587
99570
99569
99560
99559
99552
99535
99524
99502
99498
99472
99471
99447
99445
99445
99440
99432
99431
99424
99416
99383
99366
99366
99351
99346
99344
99335
99332
99326
99323
99320
99314
99293
99272
99256
99251
99248
99247
99217
99216
99211
99207
99206
99205
99194
99190
99189
99178
99172
99165
99148
99146
99141
99126
99121
99120
99092
99080
99065
99061
99061
99052
99045
99032
99032
99023
99012
98991
98987
98952
98933
98931
98929
98918
98909
98906
98895
98856
98851
98847
98839
98816
98804
98790
98780
98778
98753
98726
98722
98715
98714
98660
98598
98588
98584
98575
98572
98549
98532
98509
98509
98506
98503
98494
98486
98483
98482
98463
98440
98439
98438
98428
98397
98385
98377
98359
98348
98343
98325
98324
98310
98301
98300
98299
98296
98278
98278
98262
98251
98233
98226
98219
98201
98190
98189
98188
98172
98154
98153
98120
98113
98102
98100
98097
98089
98037
98030
97982
97976
97971
97964
97959
97953
97946
97932
97930
97928
97917
97911
97898
97858
97848
97834
97812
97772
97751
97750
97747
97738
97732
97699
97697
97678
97672
97671
97670
97667
97662
97647
97630
97629
97608
97606
97573
97564
97549
97547
97545
97541
97538
97528
97510
97502
97498
97493
97489
97457
97441
97440
97434
97432
97427
97415
97415
97413
97413
97406
97401
97378
97371
97370
97363
97335
97326
97323
97322
97319
97293
97274
97266
97243
97239
97215
97204
97200
97174
97166
97153
97149
97145
97133
97125
97095
97083
97078
97073
97070
97059
97051
97039
97036
97030
97018
97014
97011
97005
97000
96968
96956
96946
96932
96916
96909
96900
96897
96890
96879
96878
96862
96848
96844
96840
96833
96822
96799
96794
96790
96785
96776
96759
96729
96724
96714
96712
96689
96683
96677
96669
96663
96661
96660
96654
96648
96635
96632
96632
96618
96607
96603
96601
96593
96573
96566
96548
96534
96521
96500
96499
96485
96475
96473
96447
96445
96445
96444
96439
96427
96424
96406
96394
96384
96350
96345
96332
96329
96315
96315
96294
96292
96286
96283
96279
96274
96270
96252
96246
96243
96236
96236
96223
96214
96199
96194
96191
96166
96152
96152
96150
96146
96130
96128
96117
96105
96099
96099
96095
96069
96060
96055
96055
96050
96049
96045
96044
96029
96026
96011
96010
96006
96005
95992
95990
95970
95964
95962
95954
95947
95947
95944
95938
95936
95925
95924
95923
95899
95897
95884
95882
95882
95881
95879
95877
95869
95852
95841
95836
95830
95818
95799
95773
95764
95763
95756
95755
95752
95750
95737
95727
95720
95718
95709
95695
95684
95670
95649
95630
95617
95612
95580
95573
95550
95543
95536
95535
95516
95511
95509
95492
95490
95479
95478
95471
95444
95442
95417
95413
95409
95401
95397
95386
95378
95363
95340
95339
95334
95319
95314
95302
95288
95281
95270
95261
95224
95193
95191
95190
95188
95157
95149
95144
95137
95127
95110
95109
95109
95098
95097
95097
95093
95088
95073
95057
95045
95040
95018
95011
95010
94982
94968
94939
94938
94934
94919
94904
94897
94891
94891
94869
94864
94862
94860
94845
94818
94816
94810
94810
94761
94759
94757
94751
94736
94734
94718
94717
94699
94698
94697
94694
94690
94684
94679
94678
94659
94648
94647
94643
94638
94621
94604
94545
94540
94536
94520
94510
94510
94510
94504
94492
94463
94439
94435
94408
94406
94404
94383
94383
94360
94342
94328
94306
94300
94296
94289
94288
94288
94279
94275
94271
94271
94268
94259
94259
94256
94250
94239
94239
94236
94227
94218
94218
94216
94197
94189
94179
94175
94164
94163
94133
94132
94122
94093
94079
94070
94069
94063
94059
94056
94049
94033
94023
94016
94012
93999
93973
93971
93967
93947
93931
93897
93874
93841
93834
93831
93816
93806
93793
93763
93751
93731
93715
93702
93679
93644
93641
93637
93628
93615
93580
93553
93549
93525
93512
93505
93503
93492
93478
93475
93467
93467
93453
93452
93440
93423
93423
93400
93382
93379
93375
93364
93346
93342
93334
93330
93328
93299
93297
93294
93284
93282
93272
93263
93261
93255
93251
93246
93231
93229
93222
93218
93207
93206
93193
93188
93170
93163
93160
93154
93152
93146
93143
93129
93106
93097
93093
93084
93071
93067
93066
93057
93056
93050
92994
92976
92969
92968
92962
92961
92957
92947
92935
92932
92920
92917
92906
92903
92900
92899
92897
92895
92893
92889
92866
92855
92850
92847
92842
92802
92782
92769
92765
92763
92728
92726
92726
92720
92715
92712
92712
92708
92696
92695
92693
92689
92679
92669
92654
92647
92637
92632
92626
92618
92616
92608
92597
92596
92582
92567
92564
92560
92558
92537
92522
92508
92507
92490
92479
92479
92479
92475
92459
92453
92448
92439
92435
92412
92403
92376
92368
92343
92307
92286
92282
92279
92276
92275
92240
92238
92222
92207
92200
92160
92157
92130
92124
92100
92087
92072
92058
92048
92039
92037
92033
92029
92015
92010
91986
91977
91968
91966
91962
91959
91949
91937
91936
91926
91913
91896
91895
91856
91846
91844
91818
91817
91786
91777
91767
91767
91753
91736
91731
91731
91730
91729
91716
91708
91705
91703
91694
91689
91672
91669
91655
91640
91588
91565
91554
91547
91546
91546
91541
91514
91513
91513
91494
91494
91484
91463
91451
91414
91407
91407
91393
91383
91379
91369
91363
91359
91358
91354
91353
91347
91325
91320
91306
91301
91300
91295
91291
91291
91284
91270
91268
91237
91222
91220
91178
91173
91172
91157
91134
91119
91118
91103
91099
91091
91061
91058
91053
91051
91034
91029
91020
90993
90971
90968
90967
90953
90944
90924
90904
90901
90900
90891
90883
90876
90868
90864
90853
90831
90810
90804
90800
90789
90772
90772
90767
90750
90727
90720
90711
90700
90700
90693
90689
90665
90663
90655
90652
90639
90630
90604
90601
90595
90593
90578
90564
90543
90535
90522
90510
90503
90502
90496
90490
90431
90425
90425
90424
90417
90416
90382
90379
90373
90358
90331
90312
90306
90302
90283
90278
90274
90252
90235
90230
90227
90227
90223
90215
90176
90172
90153
90145
90126
90114
90098
90095
90092
90075
90074
90068
90061
90044
90014
90008
89998
89988
89984
89955
89953
89950
89935
89912
89906
89903
89901
89900
89887
89880
89878
89877
89866
89860
89852
89849
89849
89844
89833
89812
89798
89779
89736
89717
89708
89689
89684
89679
89670
89667
89661
89652
89644
89624
89623
89619
89607
89605
89588
89578
89575
89562
89560
89537
89525
89498
89488
89480
89477
89455
89415
89410
89405
89402
89399
89369
89351
89347
89334
89318
89308
89297
89288
89274
89255
89224
89213
89201
89193
89191
89187
89171
89170
89158
89148
89148
89139
89134
89107
89101
89071
89069
89062
89061
89057
89048
89036
89033
89033
88999
88972
88963
88962
88940
88940
88938
88919
88916
88894
88887
88885
88885
88881
88861
88855
88850
88848
88832
88828
88787
88783
88775
88752
88744
88734
88696
88695
88689
88685
88684
88676
88659
88644
88586
88560
88547
88543
88537
88520
88504
88483
88476
88474
88469
88462
88445
88443
88436
88400
88397
88380
88373
88367
88366
88355
88335
88317
88303
88288
88282
88267
88247
88242
88235
88228
88224
88224
88215
88215
88205
88193
88192
88189
88188
88183
88182
88141
88129
88127
88107
88092
88088
88083
88071
88067
88060
88051
88046
88043
88026
88017
88008
88006
88004
87981
87977
87954
87949
87946
87946
87932
87914
87911
87900
87899
87890
87880
87878
87873
87865
87856
87856
87852
87824
87806
87797
87793
87789
87787
87778
87762
87757
87753
87745
87739
87722
87699
87696
87675
87656
87630
87614
87612
87609
87605
87602
87551
87519
87512
87501
87498
87473
87468
87413
87405
87375
87365
87361
87342
87334
87328
87319
87319
87309
87307
87291
87286
87285
87283
87269
87261
87255
87248
87248
87234
87227
87221
87212
87207
87192
87185
87185
87174
87173
87173
87143
87127
87120
87109
87065
87056
87045
87041
87038
87038
87035
87018
87001
86995
86995
86966
86955
86939
86927
86925
86911
86904
86892
86883
86874
86862
86856
86855
86814
86814
86809
86804
86789
86783
86772
86770
86768
86743
86736
86733
86723
86688
86684
86676
86664
86654
86633
86618
86579
86579
86567
86563
86561
86558
86558
86538
86536
86530
86489
86474
86467
86462
86439
86430
86424
86421
86405
86403
86399
86385
86385
86376
86368
86361
86355
86339
86319
86312
86275
86275
86272
86265
86263
86261
86257
86255
86246
86234
86209
86203
86198
86184
86183
86165
86109
86107
86099
86086
86079
86069
86062
86056
86042
86025
86024
86020
85969
85952
85951
85914
85903
85886
85886
85864
85861
85839
85829
85817
85813
85810
85805
85799
85798
85788
85762
85754
85749
85739
85737
85731
85726
85719
85694
85684
85679
85673
85661
85645
85645
85641
85626
85623
85611
85607
85597
85564
85562
85551
85522
85501
85498
85491
85477
85470
85461
85456
85443
85437
85434
85434
85427
85426
85394
85391
85385
85384
85377
85366
85354
85353
85351
85338
85320
85309
85302
85299
85294
85279
85252
85248
85243
85217
85206
85199
85197
85191
85122
85110
85108
85087
85084
85081
85065
85059
85059
85043
85020
85010
85002
84995
84989
84985
84974
84943
84934
84933
84929
84911
84898
84886
84857
84854
84843
84842
84827
84793
84791
84785
84731
84714
84703
84697
84695
84694
84689
84688
84683
84677
84653
84595
84591
84576
84571
84565
84554
84541
84533
84527
84514
84511
84503
84497
84491
84458
84445
84438
84422
84419
84377
84366
84358
84345
84335
84329
84316
84300
84292
84230
84219
84218
84215
84194
84186
84182
84176
84164
84148
84146
84141
84137
84123
84076
84067
84065
84063
84052
83981
83965
83946
83940
83935
83928
83922
83915
83914
83903
83898
83882
83869
83864
83863
83861
83858
83858
83858
83846
83842
83820
83820
83807
83740
83739
83738
83710
83703
83699
83680
83649
83638
83630
83629
83610
83610
83602
83562
83542
83518
83502
83500
83484
83475
83454
83448
83443
83440
83437
83434
83430
83428
83411
83384
83384
83377
83366
83356
83348
83330
83316
83306
83305
83294
83292
83283
83262
83261
83248
83246
83231
83230
83227
83225
83217
83194
83187
83180
83165
83164
83160
83153
83149
83129
83123
83120
83117
83104
83093
83092
83090
83056
83049
83047
83005
82998
82990
82990
82989
82986
82976
82959
82943
82941
82937
82935
82933
82929
82895
82892
82879
82876
82869
82844
82840
82827
82823
82788
82782
82781
82779
82773
82762
82755
82744
82720
82714
82687
82685
82683
82681
82677
82675
82668
82657
82631
82631
82625
82623
82615
82605
82603
82595
82562
82541
82531
82504
82494
82476
82469
82469
82460
82459
82455
82438
82428
82421
82421
82409
82371
82369
82346
82331
82307
82297
82288
82288
82286
82277
82264
82263
82262
82261
82243
82235
82200
82171
82169
82162
82152
82142
82135
82134
82123
82114
82064
82046
82037
82010
82010
82007
82002
82002
81996
81994
81987
81983
81980
81972
81966
81958
81938
81931
81926
81922
81909
81898
81888
81884
81883
81879
81874
81872
81862
81853
81846
81845
81845
81828
81822
81822
81795
81767
81767
81748
81746
81736
81729
81718
81714
81709
81694
81686
81686
81685
81684
81682
81681
81670
81645
81631
81627
81625
81625
81625
81621
81616
81614
81607
81605
81603
81596
81561
81559
81551
81528
81509
81498
81480
81475
81474
81463
81461
81459
81452
81451
81446
81443
81417
81417
81400
81395
81395
81389
81381
81370
81352
81349
81337
81334
81318
81298
81292
81287
81285
81280
81279
81279
81266
81256
81247
81240
81225
81220
81219
81218
81212
81210
81209
81205
81202
81166
81162
81151
81148
81138
81127
81122
81121
81100
81099
81095
81095
81072
81066
81063
81057
81043
81036
81031
81019
81010
80996
80985
80982
80932
80932
80918
80914
80901
80893
80881
80868
80861
80854
80853
80843
80840
80828
80825
80824
80822
80806
80802
80789
80788
80780
80769
80760
80755
80738
80718
80703
80702
80699
80686
80664
80660
80638
80633
80624
80619
80611
80568
80533
80525
80507
80503
80497
80477
80469
80454
80426
80422
80402
80399
80394
80392
80392
80382
80364
80358
80354
80341
80340
80340
80329
80313
80296
80270
80257
80247
80239
80230
80182
80174
80172
80157
80146
80143
80142
80132
80128
80083
80082
80081
80074
80068
80066
80049
80032
80030
80020
79997
79955
79942
79939
79934
79933
79929
79924
79924
79917
79906
79900
79896
79892
79890
79864
79849
79826
79816
79813
79806
79801
79800
79798
79793
79790
79733
79732
79729
79714
79714
79710
79707
79703
79698
79694
79690
79666
79658
79657
79653
79649
79638
79627
79626
79625
79621
79616
79610
79603
79602
79600
79596
79588
79585
79581
79572
79543
79538
79535
79532
79515
79514
79500
79497
79493
79490
79480
79477
79470
79462
79459
79458
79432
79430
79428
79407
79402
79395
79390
79371
79356
79333
79322
79300
79298
79297
79292
79292
79289
79283
79281
79268
79243
79223
79181
79168
79157
79142
79136
79135
79128
79120
79116
79115
79112
79101
79093
79079
79062
79053
79052
79048
79045
79042
79035
79033
79025
79009
79005
78996
78994
78990
78978
78966
78953
78952
78949
78945
78942
78935
78926
78884
78867
78863
78860
78846
78845
78845
78831
78823
78794
78777
78773
78769
78743
78739
78728
78727
78718
78703
78681
78680
78668
78664
78639
78634
78630
78621
78621
78605
78597
78591
78583
78582
78574
78568
78554
78544
78543
78543
78505
78499
78498
78497
78495
78493
78489
78479
78469
78436
78402
78395
78380
78350
78336
78330
78314
78307
78285
78274
78263
78252
78246
78244
78242
78228
78228
78221
78216
78192
78190
78185
78183
78175
78168
78162
78159
78152
78137
78132
78100
78082
78068
78067
78065
78062
78060
78049
78045
78044
78036
78035
78021
78013
77956
77955
77924
77923
77919
77913
77889
77875
77851
77843
77839
77822
77821
77820
77819
77795
77783
77778
77766
77759
77748
77736
77735
77735
77731
77728
77719
77712
77700
77698
77681
77663
77657
77654
77644
77629
77604
77591
77590
77588
77569
77557
77553
77545
77539
77537
77530
77520
77509
77491
77480
77467
77464
77456
77454
77453
77451
77451
77427
77425
77422
77420
77420
77418
77418
77414
77397
77397
77384
77383
77379
77366
77359
77354
77346
77316
77315
77313
77309
77284
77276
77257
77253
77248
77222
77165
77164
77164
77154
77143
77137
77135
77133
77124
77117
77116
77112
77111
77108
77095
77094
77083
77081
77077
77068
77059
77020
77002
76994
76975
76974
76948
76941
76924
76917
76913
76907
76888
76888
76877
76868
76864
76849
76832
76831
76823
76817
76804
76795
76793
76755
76711
76707
76693
76663
76661
76647
76646
76634
76616
76604
76588
76584
76563
76563
76560
76549
76531
76516
76511
76510
76498
76490
76475
76444
76439
76422
76411
76404
76397
76396
76395
76362
76359
76346
76335
76322
76319
76318
76287
76284
76257
76253
76218
76217
76191
76189
76187
76177
76168
76149
76146
76143
76137
76137
76113
76106
76106
76101
76092
76091
76086
76082
76074
76049
76033
76030
76028
76019
76016
76015
76003
75969
75968
75958
75956
75918
75909
75907
75904
75882
75872
75862
75856
75832
75827
75820
75800
75786
75770
75769
75758
75734
75733
75730
75717
75699
75694
75663
75661
75629
75610
75599
75592
75578
75546
75529
75510
75500
75490
75466
75456
75452
75450
75450
75436
75423
75410
75401
75391
75384
75382
75365
75358
75349
75313
75311
75306
75305
75304
75284
75278
75273
75267
75215
75204
75201
75198
75180
75174
75173
75171
75169
75167
75139
75136
75133
75129
75117
75115
75089
75087
75081
75075
75053
75026
75012
75010
74985
74982
74978
74975
74974
74968
74938
74917
74880
74874
74846
74835
74832
74804
74800
74798
74793
74777
74753
74723
74709
74708
74690
74690
74681
74645
74612
74606
74601
74600
74554
74553
74545
74536
74514
74497
74489
74487
74475
74436
74423
74405
74402
74391
74368
74363
74353
74345
74343
74337
74318
74300
74289
74284
74273
74245
74239
74229
74200
74200
74196
74182
74182
74172
74148
74128
74123
74119
74116
74090
74073
74067
74030
74030
74014
74014
73986
73977
73977
73963
73959
73957
73927
73924
73913
73904
73902
73887
73882
73840
73827
73794
73781
73777
73750
73735
73724
73707
73697
73692
73689
73679
73677
73646
73643
73632
73630
73621
73616
73609
73606
73605
73604
73570
73550
73527
73526
73521
73513
73505
73505
73503
73501
73486
73479
73478
73468
73461
73458
73428
73424
73424
73423
73403
73390
73387
73384
73377
73371
73368
73361
73338
73335
73332
73329
73326
73282
73251
73248
73233
73232
73219
73217
73214
73212
73207
73202
73199
73190
73183
73182
73165
73154
73150
73127
73122
73119
73115
73088
73085
73073
73071
73063
73030
73022
73020
73018
73013
73009
73006
72999
72993
72985
72975
72972
72962
72952
72938
72933
72916
72913
72909
72908
72908
72893
72888
72887
72874
72874
72862
72856
72837
72837
72828
72825
72816
72805
72778
72772
72758
72751
72728
72725
72718
72694
72693
72644
72641
72633
72629
72625
72619
72607
72602
72580
72579
72549
72544
72504
72500
72479
72472
72471
72465
72458
72458
72456
72445
72443
72439
72422
72398
72387
72385
72382
72378
72371
72362
72353
72335
72330
72316
72316
72314
72304
72284
72276
72272
72268
72268
72265
72259
72257
72241
72228
72222
72222
72219
72210
72202
72197
72194
72193
72190
72188
72172
72148
72125
72122
72120
72115
72108
72099
72091
72084
72068
72059
72058
72057
72049
72002
71996
71975
71975
71946
71944
71938
71934
71924
71918
71896
71893
71881
71880
71822
71808
71799
71794
71777
71774
71762
71760
71759
71749
71736
71736
71735
71735
71726
71709
71687
71682
71681
71670
71670
71665
71665
71656
71652
71648
71627
71627
71622
71604
71601
71591
71585
71582
71567
71550
71535
71523
71505
71505
71499
71484
71483
71470
71443
71398
71395
71388
71378
71365
71363
71360
71356
71340
71319
71313
71313
71311
71304
71303
71295
71293
71290
71275
71268
71265
71245
71238
71238
71206
71202
71189
71178
71152
71139
71124
71108
71101
71094
71092
71072
71070
71063
71052
71048
71028
71022
70982
70970
70965
70956
70956
70906
70886
70853
70845
70787
70769
70761
70756
70755
70747
70740
70726
70721
70696
70684
70681
70677
70667
70657
70655
70639
70613
70587
70586
70575
70574
70565
70533
70526
70522
70516
70504
70503
70499
70481
70449
70444
70420
70416
70411
70408
70404
70386
70383
70375
70375
70364
70361
70356
70355
70352
70347
70346
70343
70326
70323
70317
70312
70286
70285
70275
70265
70259
70228
70173
70170
70138
70132
70113
70112
70108
70102
70094
70092
70088
70078
70075
70073
70072
70071
70071
70062
70058
70055
70050
70017
70017
70004
69997
69980
69948
69947
69919
69903
69890
69877
69875
69874
69872
69843
69839
69819
69819
69817
69814
69799
69795
69787
69771
69759
69756
69755
69741
69732
69731
69721
69700
69696
69672
69665
69665
69650
69625
69615
69612
69607
69605
69571
69554
69548
69531
69523
69523
69504
69499
69497
69491
69463
69460
69448
69435
69422
69420
69418
69404
69401
69398
69391
69380
69380
69374
69338
69332
69326
69321
69316
69315
69309
69291
69287
69283
69278
69260
69259
69256
69241
69239
69231
69225
69224
69216
69202
69181
69176
69169
69146
69137
69119
69115
69109
69108
69107
69103
69095
69089
69086
69073
69059
69051
69044
69041
69040
69029
69018
69005
68991
68991
68990
68969
68964
68957
68953
68947
68942
68941
68940
68934
68920
68916
68913
68884
68869
68865
68860
68849
68840
68832
68827
68826
68824
68810
68781
68749
68739
68726
68708
68702
68701
68700
68692
68685
68680
68678
68675
68670
68661
68660
68650
68641
68640
68638
68618
68592
68591
68582
68582
68580
68566
68557
68556
68549
68549
68548
68540
68530
68522
68521
68521
68512
68511
68413
68412
68412
68404
68379
68374
68371
68350
68347
68343
68343
68335
68328
68308
68266
68253
68248
68236
68216
68202
68182
68162
68159
68147
68142
68123
68102
68102
68100
68087
68086
68080
68067
68058
68046
68020
68013
68013
68003
68000
67986
67983
67976
67974
67964
67961
67958
67956
67931
67930
67917
67908
67904
67903
67903
67900
67884
67875
67872
67855
67854
67852
67846
67833
67827
67817
67789
67789
67781
67772
67721
67713
67704
67701
67692
67687
67681
67659
67657
67650
67649
67645
67635
67633
67626
67625
67623
67612
67610
67609
67602
67596
67584
67568
67562
67554
67552
67517
67505
67502
67479
67472
67431
67416
67398
67387
67379
67374
67373
67358
67330
67329
67329
67315
67307
67298
67296
67295
67290
67279
67274
67253
67236
67229
67226
67225
67210
67207
67206
67199
67180
67174
67157
67145
67133
67131
67123
67116
67106
67100
67087
67083
67081
67081
67076
67071
67065
67056
67045
67033
67031
67030
67021
67019
67014
67014
67009
66997
66982
66976
66959
66955
66950
66945
66944
66936
66930
66927
66923
66917
66894
66879
66877
66865
66865
66847
66846
66832
66825
66824
66823
66822
66809
66808
66774
66770
66761
66761
66754
66753
66749
66743
66727
66719
66718
66713
66688
66670
66661
66658
66639
66638
66630
66630
66598
66572
66569
66547
66526
66504
66503
66501
66496
66479
66451
66448
66432
66429
66414
66407
66407
66399
66397
66392
66366
66358
66343
66343
66332
66330
66326
66314
66314
66273
66264
66260
66258
66187
66184
66150
66144
66143
66129
66098
66081
66073
66067
66032
66030
66028
66026
66013
66005
65988
65971
65941
65910
65906
65902
65898
65893
65887
65880
65877
65839
65823
65823
65823
65811
65802
65802
65795
65789
65784
65754
65749
65742
65739
65724
65704
65704
65696
65682
65681
65673
65670
65653
65647
65640
65632
65616
65604
65581
65569
65568
65551
65533
65528
65519
65519
65507
65507
65502
65486
65481
65468
65451
65451
65441
65440
65381
65374
65370
65328
65308
65298
65287
65279
65266
65266
65255
65244
65210
65197
65180
65179
65178
65173
65164
65149
65146
65136
65130
65129
65122
65105
65096
65096
65082
65076
65060
65058
65056
65051
65039
65035
65029
65018
65015
65015
65009
65005
65000
64991
64991
64964
64961
64957
64954
64940
64887
64880
64859
64851
64843
64842
64821
64815
64803
64787
64769
64767
64759
64754
64753
64715
64706
64688
64674
64666
64619
64608
64581
64567
64549
64535
64532
64505
64494
64493
64490
64480
64475
64454
64444
64442
64441
64427
64402
64401
64393
64388
64378
64376
64371
64358
64332
64321
64318
64312
64312
64306
64305
64287
64264
64258
64249
64249
64247
64245
64241
64224
64219
64216
64210
64200
64197
64188
64168
64121
64121
64115
64108
64106
64101
64095
64074
64067
64055
64051
64019
64007
63998
63997
63977
63975
63960
63954
63931
63917
63916
63896
63895
63884
63880
63876
63875
63873
63864
63838
63833
63821
63820
63818
63804
63791
63787
63771
63767
63766
63763
63762
63741
63721
63720
63710
63704
63704
63701
63684
63668
63666
63657
63655
63650
63635
63631
63624
63608
63591
63582
63577
63575
63560
63537
63503
63481
63462
63462
63454
63441
63433
63420
63413
63409
63405
63387
63374
63370
63364
63356
63329
63327
63314
63313
63313
63309
63308
63305
63305
63301
63295
63291
63290
63268
63253
63229
63210
63191
63189
63186
63183
63180
63135
63098
63095
63085
63076
63074
63067
63065
63049
63047
63046
63035
63031
63017
63005
62997
62974
62974
62961
62944
62931
62876
62874
62859
62851
62845
62843
62829
62792
62773
62769
62767
62763
62746
62731
62685
62676
62661
62655
62644
62641
62591
62562
62560
62552
62545
62539
62539
62534
62529
62519
62509
62500
62465
62459
62440
62438
62435
62432
62431
62408
62407
62402
62400
62385
62375
62372
62358
62351
62342
62339
62293
62287
62286
62282
62242
62234
62223
62214
62210
62209
62203
62196
62193
62185
62160
62146
62120
62115
62109
62107
62091
62088
62051
62033
62031
62023
62021
62010
62004
61993
61990
61986
61984
61977
61974
61968
61966
61966
61961
61944
61939
61935
61905
61900
61892
61878
61876
61852
61838
61837
61821
61820
61815
61810
61807
61797
61785
61781
61774
61773
61773
61761
61749
61739
61739
61718
61717
61715
61696
61694
61690
61690
61681
61676
61667
61659
61657
61633
61633
61619
61604
61600
61586
61576
61575
61567
61560
61556
61545
61535
61535
61527
61523
61453
61447
61433
61432
61425
61420
61401
61393
61388
61386
61374
61363
61353
61349
61346
61339
61293
61289
61283
61283
61278
61276
61228
61210
61210
61205
61199
61148
61137
61131
61127
61091
61088
61074
61073
61071
61065
61062
61057
61050
61037
61028
61028
61015
61010
60996
60993
60968
60968
60961
60955
60902
60894
60887
60849
60847
60844
60834
60786
60777
60777
60761
60758
60743
60740
60733
60702
60700
60693
60690
60688
60688
60684
60670
60664
60658
60654
60645
60635
60630
60614
60611
60592
60558
60556
60543
60543
60541
60536
60533
60526
60516
60508
60504
60497
60480
60471
60464
60454
60452
60443
60442
60425
60399
60392
60384
60372
60365
60356
60346
60334
60329
60328
60326
60324
60324
60315
60302
60298
60294
60286
60245
60205
60195
60182
60121
60110
60094
60091
60081
60079
60041
60041
60040
60034
60011
60004
59965
59957
59957
59953
59948
59946
59924
59913
59913
59913
59903
59891
59884
59870
59867
59856
59834
59830
59818
59773
59762
59742
59734
59697
59687
59675
59670
59665
59662
59651
59645
59642
59640
59627
59610
59577
59519
59514
59512
59498
59492
59482
59476
59474
59454
59452
59441
59428
59418
59415
59412
59400
59395
59390
59379
59347
59339
59322
59318
59307
59306
59300
59293
59287
59285
59271
59263
59256
59255
59245
59237
59209
59208
59194
59184
59175
59134
59124
59112
59106
59095
59095
59078
59077
59066
59052
59050
59044
59038
59027
59023
59002
59001
58987
58986
58975
58969
58968
58968
58953
58949
58920
58915
58894
58880
58869
58864
58856
58844
58837
58832
58830
58817
58816
58811
58789
58784
58780
58777
58727
58663
58646
58644
58608
58596
58596
58584
58583
58566
58564
58541
58536
58527
58522
58522
58519
58512
58510
58504
58500
58493
58479
58471
58445
58440
58435
58401
58354
58335
58325
58325
58314
58300
58294
58291
58289
58271
58267
58261
58253
58245
58243
58237
58235
58232
58225
58220
58206
58202
58197
58184
58183
58183
58175
58160
58153
58152
58151
58142
58137
58121
58119
58115
58100
58086
58062
58056
58046
58042
58037
58029
58026
58025
58024
58020
58010
57994
57990
57979
57947
57946
57946
57932
57918
57910
57910
57904
57897
57878
57878
57842
57821
57819
57810
57789
57765
57763
57758
57758
57751
57713
57702
57699
57672
57671
57641
57634
57628
57620
57614
57610
57602
57601
57583
57577
57562
57545
57531
57528
57524
57502
57491
57486
57485
57484
57484
57474
57467
57464
57460
57445
57430
57426
57415
57404
57374
57337
57334
57330
57321
57271
57271
57260
57259
57249
57238
57231
57223
57222
57216
57211
57209
57197
57182
57174
57157
57151
57128
57127
57125
57122
57114
57106
57102
57094
57082
57075
57063
57058
57058
57051
57047
57046
57043
56987
56954
56942
56940
56921
56920
56912
56880
56872
56850
56843
56843
56829
56826
56814
56812
56804
56797
56789
56784
56765
56750
56725
56720
56706
56694
56694
56693
56668
56663
56642
56629
56629
56628
56622
56605
56591
56588
56584
56582
56568
56568
56557
56555
56548
56546
56541
56525
56502
56491
56488
56486
56484
56484
56478
56467
56449
56441
56435
56432
56427
56427
56424
56424
56418
56409
56399
56395
56394
56383
56380
56368
56363
56337
56330
56315
56304
56301
56287
56285
56284
56274
56271
56260
56252
56247
56244
56235
56227
56213
56211
56205
56203
56178
56167
56157
56150
56144
56143
56139
56123
56113
56106
56103
56039
56024
56024
56007
56000
55979
55954
55951
55948
55939
55937
55925
55903
55897
55889
55887
55884
55874
55868
55860
55857
55855
55851
55842
55824
55807
55806
55805
55800
55766
55763
55726
55718
55718
55702
55698
55683
55659
55643
55642
55639
55630
55628
55623
55608
55596
55593
55553
55547
55539
55526
55517
55515
55511
55506
55501
55497
55495
55493
55489
55483
55472
55469
55464
55463
55451
55450
55448
55446
55442
55428
55422
55419
55415
55414
55410
55358
55358
55356
55353
55352
55340
55337
55332
55326
55325
55302
55301
55299
55288
55276
55275
55275
55269
55267
55256
55247
55245
55235
55232
55229
55215
55214
55170
55159
55134
55130
55129
55124
55103
55100
55094
55093
55089
55078
55070
55060
55025
55020
55007
55003
54995
54992
54988
54981
54945
54939
54938
54938
54912
54886
54879
54866
54866
54854
54851
54828
54828
54825
54818
54814
54804
54797
54794
54783
54729
54727
54722
54699
54696
54689
54674
54667
54652
54642
54639
54628
54619
54616
54615
54613
54605
54605
54601
54591
54589
54589
54561
54548
54509
54495
54483
54483
54470
54439
54437
54432
54429
54428
54386
54386
54382
54378
54366
54363
54348
54320
54318
54318
54314
54313
54305
54303
54288
54285
54280
54253
54251
54246
54229
54222
54219
54214
54210
54198
54196
54189
54184
54172
54167
54139
54131
54130
54126
54107
54092
54082
54079
54067
54003
54000
53984
53982
53969
53967
53934
53911
53902
53894
53862
53861
53849
53818
53809
53807
53782
53779
53750
53735
53729
53724
53718
53715
53704
53700
53700
53693
53669
53652
53648
53640
53636
53586
53577
53569
53566
53565
53560
53560
53553
53549
53518
53516
53512
53508
53484
53475
53466
53463
53463
53453
53436
53431
53418
53413
53405
53399
53393
53369
53363
53351
53349
53329
53316
53273
53269
53268
53248
53246
53239
53238
53229
53212
53205
53204
53198
53190
53190
53187
53178
53165
53157
53149
53148
53146
53144
53121
53116
53109
53089
53049
53047
53047
53038
53029
53027
53017
52998
52984
52981
52969
52965
52957
52952
52949
52949
52937
52933
52899
52896
52876
52847
52841
52829
52827
52819
52818
52814
52797
52789
52784
52778
52773
52762
52731
52726
52723
52720
52718
52716
52706
52697
52691
52682
52652
52645
52631
52626
52616
52577
52548
52545
52543
52538
52530
52523
52506
52505
52503
52436
52436
52429
52420
52416
52405
52392
52390
52385
52383
52372
52344
52329
52308
52280
52276
52263
52263
52262
52228
52225
52220
52214
52212
52212
52206
52186
52179
52174
52166
52138
52134
52134
52132
52130
52127
52126
52118
52108
52095
52077
52073
52071
52067
52064
52059
52051
52044
52029
52027
52018
52018
52015
52011
52006
51998
51994
51990
51970
51950
51939
51929
51909
51906
51899
51882
51882
51874
51863
51859
51847
51822
51822
51811
51805
51780
51771
51754
51753
51711
51702
51685
51673
51656
51654
51654
51644
51635
51625
51620
51616
51602
51602
51581
51577
51574
51574
51553
51519
51487
51474
51461
51429
51419
51415
51409
51409
51383
51381
51377
51369
51339
51321
51316
51301
51293
51290
51288
51275
51270
51250
51233
51230
51199
51196
51192
51186
51171
51160
51145
51136
51104
51096
51064
51054
51036
51017
51000
50992
50980
50954
50917
50913
50912
50906
50903
50901
50895
50891
50865
50863
50821
50821
50819
50791
50785
50776
50774
50740
50736
50668
50645
50639
50639
50632
50629
50628
50617
50612
50611
50598
50588
50588
50581
50573
50563
50562
50552
50523
50522
50500
50473
50469
50467
50466
50466
50436
50423
50416
50416
50413
50405
50404
50403
50398
50381
50381
50381
50367
50366
50356
50351
50347
50331
50317
50296
50288
50280
50279
50274
50270
50259
50254
50252
50235
50230
50214
50195
50194
50185
50177
50172
50172
50160
50154
50153
50116
50110
50100
50098
50097
50093
50090
50090
50079
50078
50078
50068
50062
50060
50057
50048
50041
50040
50013
50006
49964
49963
49956
49956
49954
49949
49943
49917
49917
49908
49901
49898
49890
49880
49870
49869
49867
49867
49866
49853
49848
49824
49820
49809
49795
49794
49788
49767
49765
49762
49742
49737
49693
49688
49659
49647
49645
49627
49616
49574
49567
49555
49551
49549
49544
49541
49528
49526
49523
49518
49516
49512
49510
49506
49496
49493
49490
49459
49419
49419
49411
49360
49350
49344
49316
49313
49311
49306
49295
49290
49290
49279
49241
49218
49213
49206
49185
49180
49164
49164
49124
49112
49104
49094
49089
49085
49079
49079
49068
49052
49043
49038
49035
49034
49027
49027
49002
48989
48976
48969
48953
48927
48918
48917
48902
48894
48884
48875
48870
48867
48852
48847
48847
48846
48832
48826
48815
48800
48787
48772
48771
48770
48761
48754
48731
48690
48685
48677
48662
48658
48657
48654
48640
48633
48621
48606
48602
48601
48598
48598
48592
48583
48578
48570
48545
48538
48500
48494
48486
48478
48469
48460
48450
48442
48421
48415
48405
48395
48390
48365
48345
48337
48326
48322
48312
48300
48300
48294
48294
48278
48261
48255
48255
48238
48232
48224
48220
48210
48206
48202
48192
48186
48182
48181
48176
48175
48148
48144
48141
48116
48103
48100
48085
48079
48067
48031
48027
48022
48011
48003
47994
47965
47945
47935
47933
47916
47907
47906
47901
47897
47890
47886
47844
47807
47805
47803
47802
47775
47775
47773
47760
47759
47751
47750
47747
47737
47725
47724
47709
47699
47672
47671
47661
47657
47647
47615
47601
47538
47518
47482
47451
47444
47426
47417
47409
47406
47356
47346
47335
47317
47311
47307
47287
47286
47268
47267
47246
47241
47240
47227
47214
47204
47197
47174
47164
47123
47123
47115
47114
47109
47107
47100
47095
47093
47070
47057
47055
47050
47044
47038
47031
47014
47001
46999
46990
46980
46980
46966
46955
46920
46912
46906
46904
46888
46864
46853
46840
46840
46832
46829
46817
46812
46803
46801
46795
46791
46784
46761
46743
46730
46722
46721
46703
46702
46695
46692
46690
46689
46677
46667
46654
46634
46623
46606
46590
46579
46570
46560
46559
46544
46540
46539
46504
46499
46496
46490
46481
46463
46451
46444
46443
46420
46416
46385
46379
46347
46334
46332
46312
46299
46295
46292
46282
46276
46267
46259
46248
46238
46230
46219
46214
46204
46202
46202
46198
46194
46193
46186
46163
46160
46156
46119
46111
46062
46052
46043
46042
46036
46035
46018
46011
45987
45957
45947
45946
45941
45920
45908
45891
45888
45865
45820
45814
45799
45771
45770
45754
45753
45730
45714
45694
45680
45675
45667
45666
45643
45642
45640
45592
45578
45577
45571
45568
45564
45563
45554
45539
45536
45523
45523
45519
45513
45501
45499
45496
45495
45493
45469
45467
45461
45457
45457
45445
45441
45422
45422
45409
45405
45392
45391
45386
45373
45359
45358
45342
45336
45316
45303
45301
45287
45269
45267
45252
45245
45243
45228
45214
45203
45202
45200
45196
45161
45143
45097
45092
45088
45074
45068
45066
45039
45029
45020
45017
44986
44984
44980
44968
44966
44966
44944
44941
44929
44925
44925
44915
44895
44892
44887
44883
44872
44869
44866
44836
44829
44805
44804
44801
44800
44783
44778
44749
44747
44743
44704
44687
44683
44659
44650
44650
44647
44635
44601
44598
44576
44559
44558
44551
44548
44540
44539
44532
44526
44526
44522
44520
44515
44505
44504
44500
44487
44481
44474
44461
44451
44448
44444
44432
44409
44402
44382
44379
44355
44349
44337
44322
44310
44307
44296
44295
44292
44283
44273
44261
44259
44257
44256
44256
44256
44253
44250
44245
44242
44228
44221
44218
44205
44191
44168
44163
44156
44156
44132
44106
44088
44081
44075
44074
44068
44068
44060
44048
44036
44021
43996
43987
43983
43982
43975
43970
43970
43962
43954
43952
43950
43948
43893
43890
43888
43878
43868
43860
43845
43833
43791
43785
43777
43765
43756
43754
43740
43732
43723
43713
43684
43684
43679
43674
43670
43670
43665
43645
43642
43635
43632
43631
43624
43603
43593
43586
43582
43572
43564
43533
43506
43503
43502
43484
43481
43474
43467
43463
43449
43430
43427
43413
43409
43402
43401
43399
43399
43377
43374
43364
43349
43335
43332
43321
43315
43308
43306
43296
43295
43289
43276
43273
43260
43244
43227
43225
43221
43213
43207
43200
43199
43188
43167
43162
43142
43099
43093
43086
43081
43061
43059
43050
43013
43001
42999
42993
42966
42961
42960
42953
42944
42942
42933
42922
42914
42910
42901
42876
42865
42865
42859
42857
42856
42854
42848
42845
42841
42832
42827
42825
42824
42820
42798
42782
42776
42770
42762
42757
42747
42746
42746
42738
42735
42717
42716
42713
42706
42691
42667
42658
42643
42635
42618
42599
42597
42587
42584
42580
42575
42570
42543
42530
42515
42509
42478
42476
42470
42470
42458
42441
42439
42433
42429
42396
42395
42367
42336
42314
42298
42283
42278
42274
42256
42242
42193
42159
42155
42149
42147
42139
42138
42126
42115
42108
42106
42076
42076
42064
42058
42056
42053
42049
42039
42035
42012
41980
41970
41937
41926
41919
41911
41897
41889
41847
41824
41801
41799
41781
41778
41762
41760
41759
41751
41748
41747
41737
41723
41723
41721
41707
41697
41681
41678
41678
41667
41662
41656
41619
41608
41588
41578
41575
41571
41562
41556
41554
41546
41546
41544
41539
41538
41522
41491
41491
41431
41424
41417
41413
41384
41377
41353
41346
41336
41336
41324
41303
41292
41265
41261
41257
41250
41227
41226
41219
41214
41206
41196
41189
41179
41174
41167
41163
41133
41129
41116
41106
41075
41075
41068
41063
41058
41033
41019
41013
41004
40975
40969
40968
40967
40962
40955
40954
40940
40921
40918
40911
40910
40893
40889
40883
40880
40880
40871
40862
40861
40855
40832
40808
40793
40777
40773
40771
40760
40745
40738
40692
40687
40678
40656
40649
40649
40649
40646
40625
40613
40590
40572
40564
40561
40554
40548
40538
40531
40511
40498
40488
40468
40430
40429
40427
40424
40408
40392
40388
40369
40353
40348
40343
40321
40305
40304
40277
40273
40270
40268
40262
40212
40209
40197
40187
40171
40166
40137
40135
40134
40127
40120
40111
40105
40102
40090
40090
40078
40073
40061
40060
40060
40053
40051
40047
40047
40035
40033
40022
40014
40012
40006
39988
39985
39984
39975
39964
39959
39954
39945
39943
39939
39936
39936
39928
39916
39909
39909
39901
39900
39896
39895
39887
39882
39873
39842
39841
39832
39820
39820
39809
39807
39789
39781
39770
39763
39762
39748
39741
39726
39715
39690
39685
39683
39669
39658
39643
39643
39641
39640
39640
39635
39628
39611
39610
39609
39607
39592
39586
39586
39574
39564
39543
39535
39535
39517
39517
39515
39512
39502
39501
39499
39491
39484
39451
39433
39431
39416
39412
39399
39398
39395
39384
39381
39377
39374
39370
39354
39353
39346
39343
39335
39318
39315
39306
39253
39242
39238
39234
39223
39216
39211
39203
39195
39192
39184
39183
39180
39179
39159
39150
39149
39145
39119
39116
39114
39109
39090
39079
39068
39064
39041
39033
39031
39028
39021
39004
39002
38998
38996
38989
38959
38955
38949
38945
38945
38943
38933
38927
38889
38870
38865
38862
38861
38857
38844
38822
38813
38751
38734
38729
38727
38722
38716
38716
38715
38710
38701
38667
38666
38664
38659
38626
38623
38595
38553
38537
38524
38519
38480
38475
38466
38461
38447
38445
38441
38393
38391
38390
38388
38385
38384
38375
38346
38313
38312
38306
38295
38279
38273
38265
38265
38263
38250
38226
38219
38200
38182
38168
38159
38138
38129
38126
38117
38117
38112
38101
38101
38056
38049
38049
38041
38036
38006
37999
37975
37963
37963
37956
37955
37934
37925
37918
37905
37896
37846
37843
37841
37757
37753
37738
37736
37734
37724
37686
37666
37662
37661
37661
37643
37642
37627
37617
37603
37602
37595
37544
37537
37527
37521
37497
37492
37479
37435
37434
37413
37400
37395
37388
37355
37346
37341
37340
37338
37330
37329
37304
37294
37294
37290
37268
37264
37254
37224
37202
37180
37173
37168
37164
37163
37154
37151
37136
37135
37130
37120
37107
37092
37079
37051
37047
37042
37035
37017
37007
36990
36973
36972
36963
36956
36954
36947
36933
36932
36926
36926
36908
36908
36907
36903
36896
36895
36888
36870
36868
36854
36852
36833
36833
36829
36814
36813
36807
36802
36800
36794
36787
36785
36782
36771
36770
36769
36763
36761
36759
36752
36749
36745
36735
36722
36722
36713
36711
36700
36699
36691
36674
36667
36661
36625
36623
36621
36616
36590
36587
36586
36585
36581
36575
36573
36562
36557
36556
36555
36530
36510
36489
36485
36481
36478
36470
36457
36457
36456
36440
36431
36429
36420
36420
36382
36367
36350
36346
36328
36318
36317
36315
36315
36312
36301
36289
36288
36287
36285
36283
36278
36277
36272
36263
36247
36244
36235
36233
36228
36191
36190
36178
36177
36164
36162
36154
36138
36130
36123
36120
36119
36109
36086
36086
36059
36045
36033
36011
35996
35989
35951
35951
35939
35934
35926
35918
35897
35893
35890
35886
35873
35870
35863
35849
35836
35826
35826
35816
35811
35801
35800
35799
35792
35788
35764
35762
35755
35747
35747
35735
35733
35721
35717
35711
35711
35683
35683
35677
35670
35662
35658
35650
35636
35615
35611
35607
35605
35589
35580
35579
35577
35557
35557
35548
35547
35531
35522
35500
35484
35477
35467
35442
35370
35368
35364
35358
35327
35288
35281
35260
35255
35250
35249
35241
35233
35232
35210
35202
35193
35185
35178
35142
35136
35130
35100
35095
35090
35072
35057
35052
35007
34999
34996
34982
34975
34975
34938
34930
34929
34929
34921
34915
34890
34863
34856
34856
34850
34805
34784
34768
34767
34741
34737
34734
34728
34699
34696
34690
34670
34665
34653
34650
34648
34647
34645
34637
34628
34621
34591
34589
34582
34576
34575
34575
34560
34531
34517
34512
34504
34504
34502
34496
34490
34484
34459
34438
34416
34410
34400
34399
34390
34359
34345
34323
34316
34298
34296
34265
34264
34251
34250
34237
34237
34222
34212
34206
34202
34190
34189
34188
34171
34146
34143
34143
34142
34136
34133
34131
34120
34111
34085
34081
34079
34061
34045
34039
34024
34016
34007
33978
33966
33954
33942
33937
33932
33929
33911
33904
33898
33887
33886
33872
33872
33859
33858
33835
33829
33824
33816
33816
33812
33812
33803
33803
33755
33753
33750
33745
33736
33732
33729
33720
33718
33697
33633
33633
33632
33623
33612
33604
33601
33587
33586
33563
33551
33546
33543
33525
33523
33509
33506
33506
33502
33489
33483
33483
33479
33477
33476
33471
33464
33451
33444
33429
33425
33421
33391
33388
33383
33365
33339
33335
33316
33305
33303
33303
33281
33275
33264
33256
33252
33230
33215
33208
33201
33170
33166
33157
33135
33126
33121
33114
33113
33097
33076
33073
33066
33065
33062
33059
33033
33032
33024
33024
33011
33003
33000
32998
32979
32975
32972
32968
32962
32956
32951
32950
32942
32935
32924
32907
32900
32869
32844
32838
32826
32825
32820
32812
32798
32768
32765
32763
32759
32744
32722
32710
32710
32706
32705
32688
32680
32635
32632
32623
32621
32613
32609
32591
32590
32585
32569
32556
32545
32521
32520
32511
32501
32489
32471
32463
32463
32451
32441
32440
32434
32387
32380
32379
32363
32350
32349
32322
32315
32302
32274
32258
32244
32222
32212
32201
32199
32197
32183
32178
32164
32151
32128
32115
32097
32096
32091
32086
32082
32082
32079
32059
32051
32041
32040
32035
32011
32002
31999
31948
31943
31942
31932
31912
31908
31887
31879
31877
31877
31876
31855
31844
31843
31820
31809
31797
31794
31791
31787
31778
31774
31772
31771
31770
31767
31758
31754
31754
31732
31709
31701
31689
31674
31670
31670
31664
31652
31647
31636
31579
31565
31562
31555
31545
31540
31540
31536
31495
31479
31472
31440
31426
31387
31365
31365
31358
31353
31340
31333
31330
31327
31325
31319
31309
31297
31293
31291
31284
31264
31258
31234
31219
31208
31199
31193
31192
31191
31185
31184
31175
31159
31149
31120
31109
31102
31094
31093
31092
31090
31081
31071
31066
31062
31044
31025
30997
30987
30984
30981
30980
30979
30977
30968
30951
30903
30888
30879
30871
30857
30849
30842
30839
30836
30822
30813
30800
30793
30768
30764
30735
30720
30716
30712
30706
30693
30686
30675
30653
30637
30625
30600
30596
30580
30547
30533
30501
30501
30500
30489
30489
30483
30480
30477
30474
30474
30470
30456
30445
30429
30392
30387
30374
30372
30368
30361
30360
30358
30304
30281
30276
30270
30262
30260
30255
30252
30214
30210
30208
30193
30192
30187
30182
30175
30167
30162
30157
30155
30144
30129
30126
30124
30096
30088
30083
30079
30069
30042
30034
30006
30006
30003
30002
29988
29987
29986
29985
29982
29977
29972
29953
29949
29927
29908
29906
29899
29885
29883
29881
29875
29851
29846
29837
29835
29829
29823
29788
29769
29767
29741
29739
29733
29724
29722
29708
29702
29698
29690
29686
29684
29680
29680
29670
29647
29645
29629
29627
29613
29591
29589
29575
29567
29555
29548
29548
29546
29539
29520
29510
29510
29501
29488
29477
29474
29474
29455
29438
29432
29426
29423
29402
29395
29383
29372
29368
29364
29359
29350
29339
29338
29321
29320
29307
29289
29262
29258
29249
29248
29235
29231
29230
29216
29186
29181
29171
29166
29161
29136
29125
29074
29065
29055
29032
29028
29011
29007
28975
28964
28961
28956
28945
28931
28921
28909
28895
28864
28859
28855
28851
28841
28830
28813
28795
28748
28730
28721
28713
28705
28696
28689
28685
28671
28669
28665
28656
28649
28644
28630
28625
28618
28607
28595
28589
28586
28574
28561
28546
28542
28541
28533
28526
28522
28517
28516
28512
28505
28504
28499
28493
28480
28462
28453
28442
28414
28385
28379
28379
28372
28355
28346
28333
28330
28329
28322
28316
28315
28304
28302
28300
28300
28275
28272
28268
28240
28221
28220
28218
28207
28199
28148
28145
28123
28111
28087
28084
28055
28045
28043
28041
28039
28026
28017
28012
28004
27991
27988
27985
27972
27971
27964
27961
27958
27953
27945
27939
27928
27922
27906
27864
27861
27851
27845
27828
27824
27812
27812
27779
27776
27745
27740
27725
27724
27722
27712
27708
27706
27699
27682
27678
27663
27648
27647
27647
27640
27597
27583
27582
27578
27571
27557
27523
27519
27516
27514
27505
27483
27476
27451
27449
27442
27413
27409
27407
27403
27398
27397
27387
27381
27381
27377
27373
27369
27347
27345
27343
27326
27322
27321
27317
27315
27293
27286
27284
27283
27281
27265
27262
27260
27257
27244
27239
27226
27215
27210
27196
27191
27183
27182
27182
27174
27131
27126
27126
27117
27108
27106
27100
27093
27093
27088
27079
27076
27060
27039
27020
27016
27015
26976
26950
26935
26934
26916
26914
26912
26910
26893
26880
26865
26861
26851
26815
26798
26791
26790
26782
26782
26763
26749
26744
26740
26729
26723
26714
26696
26695
26682
26666
26646
26640
26619
26618
26601
26599
26595
26587
26585
26585
26568
26534
26522
26511
26503
26487
26486
26482
26469
26465
26463
26459
26424
26415
26413
26413
26406
26389
26363
26359
26345
26342
26340
26330
26319
26308
26276
26275
26244
26242
26239
26217
26211
26193
26190
26187
26178
26141
26129
26090
26089
26074
26068
26058
26046
26028
26015
26014
25995
25982
25979
25972
25972
25968
25963
25959
25955
25944
25919
25916
25885
25879
25869
25858
25853
25851
25809
25797
25790
25790
25781
25778
25767
25741
25736
25721
25716
25713
25707
25702
25701
25673
25652
25651
25636
25629
25583
25582
25578
25571
25570
25567
25550
25542
25531
25531
25531
25508
25505
25491
25472
25472
25467
25459
25456
25452
25449
25446
25430
25426
25421
25416
25395
25379
25377
25377
25377
25376
25358
25349
25345
25337
25311
25302
25272
25250
25246
25234
25195
25181
25179
25175
25165
25165
25153
25150
25148
25144
25139
25132
25126
25118
25087
25078
25077
25067
25035
25034
25031
25025
24977
24970
24948
24940
24926
24924
24903
24897
24897
24894
24889
24872
24863
24857
24857
24853
24850
24844
24831
24829
24814
24805
24801
24797
24786
24770
24765
24765
24754
24750
24746
24738
24734
24733
24719
24710
24706
24705
24689
24683
24671
24653
24620
24617
24613
24607
24605
24600
24570
24566
24565
24550
24537
24518
24509
24494
24477
24464
24452
24449
24445
24442
24437
24419
24395
24391
24390
24383
24382
24382
24374
24364
24364
24361
24358
24334
24330
24320
24320
24319
24319
24312
24306
24303
24301
24282
24280
24272
24270
24267
24260
24253
24250
24245
24236
24218
24208
24183
24155
24155
24153
24145
24144
24131
24120
24097
24083
24079
24038
24026
24020
24019
24011
24008
23989
23949
23935
23933
23927
23924
23911
23890
23885
23871
23854
23849
23839
23830
23828
23811
23803
23788
23785
23785
23782
23777
23776
23772
23763
23762
23753
23729
23716
23710
23694
23673
23669
23664
23659
23656
23562
23558
23547
23536
23522
23520
23484
23483
23481
23480
23471
23463
23456
23450
23447
23431
23430
23407
23400
23390
23388
23378
23372
23366
23344
23324
23315
23312
23256
23255
23235
23232
23217
23216
23192
23184
23159
23148
23137
23126
23121
23118
23090
23088
23088
23074
23067
23064
23060
23057
23055
23039
23029
23026
23023
23017
23017
23013
23012
23001
22994
22986
22984
22981
22956
22953
22950
22950
22949
22944
22916
22915
22903
22856
22850
22816
22810
22805
22805
22783
22777
22770
22759
22715
22713
22713
22706
22695
22682
22675
22662
22648
22645
22643
22632
22615
22589
22564
22555
22553
22548
22546
22543
22539
22520
22494
22474
22471
22467
22467
22464
22447
22438
22427
22424
22415
22401
22389
22380
22378
22375
22374
22370
22366
22356
22351
22346
22332
22326
22320
22319
22317
22317
22314
22278
22272
22259
22246
22241
22230
22221
22219
22218
22213
22193
22151
22132
22105
22072
22071
22062
22061
22054
22032
22024
22023
22018
22015
21988
21982
21982
21976
21973
21965
21963
21961
21954
21952
21946
21934
21929
21926
21917
21906
21888
21881
21875
21873
21872
21856
21854
21841
21825
21818
21812
21812
21787
21783
21780
21747
21734
21691
21690
21690
21686
21661
21657
21650
21650
21642
21638
21629
21621
21610
21609
21583
21538
21537
21531
21524
21521
21507
21504
21491
21471
21459
21457
21454
21447
21441
21432
21428
21422
21405
21395
21385
21381
21363
21349
21344
21340
21337
21328
21319
21311
21308
21296
21295
21274
21261
21247
21245
21237
21237
21216
21195
21191
21189
21171
21163
21155
21143
21140
21136
21131
21115
21110
21108
21106
21096
21090
21071
21070
21066
21052
21051
21038
21008
21000
20999
20998
20971
20943
20922
20900
20899
20892
20890
20885
20868
20849
20840
20837
20834
20833
20825
20822
20812
20803
20778
20778
20753
20750
20743
20734
20728
20728
20717
20706
20706
20690
20686
20664
20654
20648
20642
20635
20601
20590
20584
20567
20565
20560
20554
20547
20513
20503
20500
20496
20485
20481
20480
20469
20460
20455
20451
20444
20436
20432
20422
20375
20358
20357
20356
20336
20329
20328
20308
20307
20293
20290
20266
20243
20213
20203
20191
20188
20188
20188
20183
20179
20172
20157
20142
20141
20138
20137
20131
20129
20126
20121
20096
20093
20092
20088
20083
20079
20075
20072
20066
20061
20051
20046
20043
20041
20025
20021
20004
19993
19985
19967
19943
19938
19935
19929
19921
19911
19906
19881
19853
19852
19848
19824
19808
19796
19778
19777
19777
19770
19767
19766
19765
19757
19744
19720
19694
19682
19676
19668
19653
19618
19612
19607
19598
19594
19571
19569
19565
19527
19515
19513
19513
19495
19482
19481
19465
19464
19461
19439
19437
19433
19397
19389
19388
19375
19373
19368
19344
19341
19321
19315
19313
19311
19302
19281
19256
19251
19249
19242
19236
19234
19228
19216
19202
19201
19175
19174
19160
19150
19120
19109
19099
19094
19084
19077
19068
19068
19058
19053
19041
19040
19025
19014
18974
18972
18969
18960
18957
18957
18937
18914
18913
18880
18878
18874
18874
18864
18840
18825
18823
18806
18801
18797
18787
18785
18760
18759
18747
18746
18739
18733
18718
18717
18716
18714
18684
18683
18679
18671
18651
18651
18627
18588
18571
18564
18555
18549
18547
18542
18542
18521
18519
18504
18501
18498
18487
18474
18462
18422
18412
18400
18396
18372
18366
18361
18352
18340
18337
18330
18314
18307
18306
18292
18291
18277
18272
18261
18251
18249
18246
18229
18228
18227
18220
18217
18201
18195
18173
18166
18165
18155
18139
18135
18133
18132
18128
18113
18108
18096
18090
18087
18066
18064
18058
18044
18025
18022
18019
18007
18001
17997
17995
17989
17987
17984
17983
17978
17952
17915
17910
17888
17880
17869
17826
17823
17813
17800
17794
17767
17758
17751
17735
17723
17704
17688
17688
17686
17686
17682
17664
17663
17651
17649
17646
17640
17609
17608
17592
17591
17589
17574
17570
17558
17554
17550
17534
17531
17523
17522
17518
17518
17501
17496
17490
17488
17487
17471
17469
17440
17439
17425
17420
17348
17347
17333
17332
17315
17300
17298
17287
17270
17260
17255
17237
17234
17220
17217
17216
17214
17204
17195
17191
17185
17177
17176
17156
17152
17111
17097
17091
17074
17070
17054
17034
17025
17007
16995
16989
16988
16971
16969
16948
16935
16933
16908
16890
16889
16881
16856
16847
16842
16842
16826
16825
16816
16810
16807
16796
16795
16792
16788
16787
16783
16775
16775
16753
16743
16742
16734
16727
16717
16712
16692
16667
16665
16660
16647
16621
16620
16614
16612
16605
16564
16553
16547
16535
16523
16513
16508
16506
16495
16486
16475
16456
16455
16432
16415
16413
16406
16395
16393
16391
16371
16344
16336
16324
16314
16304
16302
16297
16297
16289
16286
16283
16274
16245
16244
16238
16235
16233
16229
16217
16215
16191
16181
16153
16147
16145
16142
16140
16129
16126
16117
16116
16116
16109
16092
16076
16069
16055
16049
16032
16026
16018
16014
16013
15997
15991
15981
15979
15979
15955
15951
15934
15930
15916
15898
15892
15848
15844
15842
15832
15828
15814
15814
15791
15777
15766
15740
15735
15723
15710
15705
15688
15676
15675
15673
15672
15671
15666
15648
15628
15613
15606
15584
15580
15576
15569
15540
15524
15520
15493
15489
15481
15478
15453
15452
15442
15438
15430
15424
15420
15411
15411
15393
15390
15376
15374
15370
15365
15361
15360
15354
15335
15331
15330
15329
15327
15326
15314
15304
15293
15271
15246
15231
15225
15219
15206
15206
15195
15192
15191
15176
15175
15171
15162
15160
15134
15127
15102
15092
15081
15077
15068
15060
15052
15040
15039
15033
15030
15019
14983
14979
14975
14975
14968
14930
14914
14909
14889
14886
14877
14873
14869
14825
14825
14812
14809
14806
14767
14748
14748
14730
14710
14700
14687
14681
14668
14666
14625
14621
14608
14607
14583
14581
14572
14567
14558
14553
14549
14549
14540
14539
14525
14501
14490
14489
14480
14460
14453
14451
14449
14446
14431
14405
14404
14365
14358
14357
14348
14348
14344
14317
14279
14265
14261
14260
14257
14255
14249
14241
14224
14198
14184
14181
14153
14147
14137
14122
14119
14115
14099
14096
14092
14090
14075
14062
14058
14056
14045
14030
14022
14019
14002
13989
13978
13970
13961
13946
13916
13905
13901
13875
13870
13868
13858
13857
13857
13855
13851
13831
13830
13828
13821
13807
13800
13796
13792
13787
13782
13769
13765
13748
13738
13719
13718
13717
13714
13696
13684
13684
13682
13668
13662
13639
13632
13619
13606
13603
13590
13582
13568
13521
13513
13488
13471
13469
13463
13441
13433
13429
13424
13420
13407
13405
13390
13354
13348
13324
13322
13308
13305
13301
13300
13285
13274
13274
13262
13259
13241
13229
13203
13202
13199
13194
13187
13181
13178
13161
13155
13154
13123
13123
13119
13105
13099
13083
13082
13065
13044
13032
13022
13011
13005
13001
12986
12978
12971
12952
12947
12932
12928
12925
12916
12860
12853
12841
12832
12822
12820
12819
12818
12812
12809
12802
12786
12786
12767
12762
12750
12736
12734
12726
12714
12696
12672
12664
12655
12620
12617
12582
12561
12559
12559
12540
12536
12524
12515
12510
12500
12471
12467
12433
12426
12422
12402
12402
12401
12394
12370
12365
12345
12340
12335
12330
12304
12284
12276
12270
12247
12228
12186
12175
12171
12152
12148
12146
12111
12102
12102
12093
12092
12084
12079
12068
12058
12054
12049
12046
12032
12021
12017
12012
12010
11996
11978
11977
11926
11920
11910
11899
11898
11896
11895
11882
11870
11870
11860
11852
11849
11837
11836
11812
11801
11773
11745
11745
11745
11744
11718
11700
11694
11691
11680
11670
11654
11644
11632
11631
11630
11629
11591
11584
11575
11572
11560
11541
11524
11519
11515
11502
11494
11493
11489
11486
11480
11479
11477
11475
11463
11458
11452
11448
11440
11422
11422
11414
11404
11399
11393
11377
11352
11334
11328
11324
11316
11313
11311
11293
11292
11284
11280
11257
11243
11231
11231
11206
11200
11199
11194
11194
11192
11179
11174
11173
11164
11160
11157
11155
11150
11143
11140
11100
11096
11086
11081
11081
11070
11058
11042
11038
11024
11020
11019
11013
11012
11012
11008
10988
10985
10965
10944
10936
10931
10930
10925
10921
10916
10907
10902
10883
10876
10867
10844
10837
10832
10832
10823
10816
10798
10797
10782
10780
10779
10769
10767
10764
10729
10723
10720
10714
10710
10678
10678
10675
10657
10640
10632
10624
10591
10587
10567
10563
10550
10541
10528
10513
10508
10505
10500
10499
10497
10492
10481
10473
10465
10454
10453
10450
10427
10423
10418
10417
10417
10413
10412
10409
10404
10397
10390
10360
10353
10330
10312
10308
10303
10302
10295
10281
10269
10265
10247
10245
10245
10240
10239
10220
10212
10209
10194
10184
10178
10173
10171
10165
10160
10143
10115
10104
10085
10068
10060
10055
10053
10053
10035
10033
10031
9992
9991
9976
9951
9950
9943
9937
9907
9903
9893
9890
9884
9867
9847
9832
9815
9789
9783
9781
9755
9746
9741
9731
9714
9703
9703
9674
9651
9636
9622
9619
9614
9612
9590
9573
9568
9555
9551
9544
9525
9521
9514
9503
9493
9489
9467
9458
9451
9430
9409
9400
9384
9368
9358
9358
9329
9314
9298
9297
9293
9270
9266
9248
9231
9222
9214
9196
9193
9191
9188
9186
9184
9179
9163
9159
9150
9148
9137
9135
9126
9119
9119
9119
9107
9105
9094
9082
9070
9066
9057
9049
9032
9014
9008
9006
8989
8988
8985
8983
8980
8976
8965
8959
8951
8939
8933
8897
8888
8877
8872
8853
8840
8839
8832
8830
8827
8824
8814
8810
8802
8786
8774
8772
8756
8742
8724
8721
8718
8718
8717
8708
8694
8690
8685
8673
8671
8671
8670
8655
8647
8630
8603
8596
8571
8563
8546
8546
8536
8535
8497
8495
8487
8485
8482
8475
8464
8460
8450
8442
8429
8411
8403
8396
8388
8381
8379
8371
8369
8366
8365
8364
8345
8322
8315
8306
8300
8299
8287
8282
8273
8237
8237
8220
8220
8210
8198
8197
8189
8170
8168
8161
8155
8153
8139
8131
8126
8101
8092
8091
8085
8066
8041
8037
8010
8004
7996
7983
7958
7952
7945
7941
7933
7913
7903
7897
7895
7887
7858
7837
7822
7817
7808
7806
7800
7798
7793
7782
7773
7770
7759
7747
7740
7726
7716
7707
7703
7700
7694
7687
7684
7682
7676
7667
7662
7640
7606
7586
7583
7577
7577
7573
7572
7562
7558
7549
7549
7535
7530
7515
7513
7505
7492
7481
7438
7435
7418
7408
7403
7403
7400
7388
7378
7366
7330
7313
7292
7292
7287
7284
7278
7272
7258
7223
7200
7190
7189
7136
7121
7106
7100
7099
7084
7080
7071
7071
7071
7070
7056
7055
6997
6994
6991
6984
6981
6981
6975
6957
6948
6948
6946
6939
6934
6927
6921
6917
6906
6896
6881
6870
6868
6844
6832
6824
6819
6819
6808
6786
6741
6725
6682
6674
6659
6656
6628
6603
6597
6575
6566
6538
6516
6515
6509
6506
6448
6442
6434
6426
6425
6425
6424
6417
6410
6409
6406
6400
6394
6392
6382
6382
6372
6362
6354
6348
6347
6342
6328
6327
6325
6315
6295
6289
6286
6281
6273
6266
6266
6258
6244
6239
6238
6212
6198
6191
6184
6165
6161
6160
6145
6142
6138
6130
6096
6074
6065
6064
6059
6057
6047
6022
6017
6014
5983
5983
5975
5954
5952
5950
5946
5936
5927
5917
5914
5913
5894
5874
5856
5851
5838
5837
5826
5815
5812
5807
5801
5796
5786
5779
5775
5772
5770
5748
5746
5743
5721
5700
5666
5661
5651
5650
5649
5641
5634
5632
5628
5613
5604
5601
5586
5584
5579
5562
5557
5546
5538
5535
5523
5523
5518
5513
5508
5508
5504
5489
5485
5479
5473
5463
5458
5457
5437
5427
5420
5414
5413
5396
5372
5367
5367
5366
5359
5345
5343
5328
5314
5296
5285
5266
5243
5240
5218
5213
5183
5173
5168
5148
5146
5117
5113
5109
5097
5085
5079
5068
5066
5036
5027
5022
5017
5009
5006
4995
4994
4980
4969
4955
4954
4954
4951
4925
4919
4911
4906
4872
4862
4856
4851
4844
4812
4779
4773
4771
4766
4764
4753
4751
4747
4723
4709
4689
4668
4655
4635
4597
4560
4560
4553
4549
4536
4523
4518
4518
4516
4501
4492
4485
4474
4460
4455
4454
4439
4431
4430
4427
4426
4419
4419
4409
4399
4386
4374
4367
4365
4362
4359
4336
4311
4309
4294
4293
4291
4290
4287
4282
4279
4274
4269
4257
4255
4237
4231
4229
4226
4222
4220
4201
4199
4174
4148
4144
4117
4104
4098
4093
4074
4074
4074
4073
4072
4065
4048
4047
4022
4021
4016
4002
3981
3980
3976
3964
3955
3936
3912
3879
3874
3865
3862
3850
3847
3834
3817
3810
3810
3806
3797
3796
3795
3789
3785
3758
3747
3742
3739
3732
3732
3720
3717
3713
3710
3706
3702
3701
3672
3665
3663
3659
3652
3643
3635
3603
3587
3583
3567
3566
3564
3564
3557
3551
3545
3514
3492
3491
3484
3482
3479
3477
3450
3426
3425
3415
3397
3383
3377
3350
3341
3331
3328
3320
3298
3291
3289
3278
3274
3240
3221
3202
3198
3178
3150
3141
3139
3128
3122
3102
3101
3097
3070
3056
3046
3044
3040
3030
3022
3009
3008
2992
2981
2979
2977
2975
2974
2973
2970
2955
2944
2936
2933
2930
2906
2892
2882
2881
2869
2861
2857
2842
2828
2827
2815
2805
2800
2794
2788
2770
2763
2749
2746
2739
2721
2709
2705
2701
2694
2692
2690
2686
2685
2666
2645
2640
2613
2564
2548
2515
2506
2477
2461
2460
2440
2431
2396
2378
2377
2360
2337
2310
2287
2285
2260
2259
2247
2225
2224
2219
2217
2216
2213
2186
2151
2133
2129
2121
2106
2093
2091
2085
2011
2000
1998
1998
1993
1990
1920
1917
1916
1910
1903
1895
1883
1876
1867
1860
1857
1848
1842
1837
1833
1797
1781
1779
1764
1747
1734
1730
1722
1707
1651
1643
1642
1620
1612
1592
1591
1578
1562
1546
1513
1497
1485
1470
1458
1453
1443
1420
1417
1404
1394
1374
1374
1329
1326
1321
1316
1315
1308
1305
1301
1293
1287
1285
1284
1272
1265
1264
1248
1230
1228
1194
1185
1183
1173
1164
1161
1157
1157
1156
1146
1138
1136
1136
1127
1125
1120
1097
1076
1042
1035
1034
1022
997
994
979
958
952
941
922
916
915
915
893
876
873
872
855
851
848
832
819
809
781
758
748
734
732
706
693
686
682
670
659
658
645
627
621
598
592
591
570
565
559
529
528
506
501
494
478
453
450
440
440
419
399
382
377
354
341
319
316
310
299
291
263
257
238
237
237
230
227
212
211
210
200
189
169
167
165
158
155
148
138
127
123
111
109
104
98
93
77
65
49
49
48
37
28
22
20
8