11
11
21
22
27
33
52
93
119
122
131
134
135
149
159
162
165
186
188
197
208
219
234
244
245
251
271
287
300
304
313
314
316
317
334
336
343
354
369
375
381
411
418
440
441
461
461
475
502
504
516
517
527
537
548
549
557
557
560
577
613
617
619
660
666
698
701
716
731
771
783
809
812
822
830
862
872
894
895
896
898
904
916
917
922
931
934
935
944
966
967
999
1004
1010
1011
1023
1036
1038
1062
1063
1064
1075
1078
1092
1093
1112
1118
1120
1145
1149
1161
1164
1176
1177
1199
1204
1215
1215
1268
1282
1286
1288
1290
1298
1314
1316
1317
1323
1343
1352
1354
1361
1369
1369
1374
1378
1384
1391
1396
1400
1409
1410
1411
1420
1422
1433
1437
1476
1479
1483
1500
1532
1536
1538
1559
1589
1621
1637
1658
1659
1678
1682
1700
1710
1711
1712
1717
1724
1726
1731
1743
1757
1772
1772
1774
1776
1780
1796
1804
1814
1820
1826
1842
1845
1852
1861
1896
1901
1907
1911
1941
1956
1964
1971
1983
1985
1985
1988
2004
2015
2028
2031
2031
2032
2036
2044
2046
2050
2052
2065
2088
2090
2092
2092
2103
2104
2116
2131
2135
2137
2141
2149
2154
2164
2200
2210
2213
2225
2230
2231
2235
2262
2264
2264
2266
2271
2297
2305
2324
2328
2332
2335
2351
2354
2379
2381
2383
2449
2469
2472
2486
2500
2501
2509
2527
2546
2548
2572
2580
2582
2584
2589
2590
2595
2595
2599
2602
2609
2624
2625
2647
2669
2670
2692
2692
2704
2714
2723
2725
2734
2736
2741
2748
2750
2754
2761
2761
2770
2774
2775
2778
2783
2791
2818
2819
2831
2851
2857
2858
2859
2868
2881
2889
2890
2913
2923
2923
2935
2940
2945
2957
2958
2970
2977
2989
2997
3012
3019
3040
3067
3069
3089
3104
3124
3127
3128
3131
3139
3144
3160
3170
3177
3191
3193
3225
3225
3230
3243
3252
3256
3261
3261
3274
3285
3290
3292
3308
3313
3316
3332
3340
3346
3370
3372
3373
3379
3381
3398
3399
3410
3415
3431
3432
3450
3462
3466
3475
3492
3493
3499
3517
3527
3530
3533
3541
3543
3545
3562
3589
3591
3598
3601
3612
3613
3616
3620
3627
3629
3630
3632
3653
3660
3664
3669
3699
3707
3718
3721
3723
3726
3728
3741
3743
3751
3763
3771
3781
3784
3802
3816
3859
3863
3867
3868
3868
3887
3902
3911
3911
3920
3922
3948
3951
3980
4005
4012
4020
4041
4050
4052
4068
4078
4088
4092
4101
4102
4102
4114
4126
4128
4136
4147
4148
4189
4196
4224
4234
4287
4289
4290
4292
4311
4331
4336
4336
4339
4342
4344
4399
4400
4403
4404
4437
4446
4469
4494
4504
4520
4523
4535
4553
4578
4588
4602
4612
4615
4623
4630
4640
4673
4707
4712
4718
4737
4751
4759
4765
4768
4781
4784
4788
4791
4805
4811
4831
4844
4845
4861
4899
4904
4935
4937
4948
4955
4971
4972
4978
5015
5039
5043
5049
5057
5063
5080
5083
5090
5107
5109
5113
5115
5125
5127
5136
5152
5154
5181
5200
5205
5206
5211
5222
5227
5230
5255
5264
5268
5271
5273
5298
5307
5323
5323
5336
5347
5372
5373
5380
5384
5419
5447
5449
5451
5459
5486
5508
5513
5529
5561
5561
5579
5602
5612
5612
5626
5627
5630
5631
5644
5646
5658
5665
5681
5713
5730
5741
5755
5763
5766
5781
5783
5788
5805
5817
5834
5838
5842
5855
5878
5887
5888
5890
5926
5928
5935
5940
5961
5969
5999
6004
6011
6017
6027
6036
6041
6073
6075
6088
6100
6105
6123
6132
6136
6156
6158
6167
6169
6171
6185
6192
6207
6223
6227
6233
6244
6272
6287
6294
6301
6330
6346
6362
6367
6382
6383
6390
6396
6398
6428
6441
6462
6466
6467
6471
6482
6499
6516
6519
6520
6521
6524
6524
6534
6547
6550
6557
6584
6586
6593
6609
6612
6635
6654
6657
6663
6670
6687
6698
6709
6717
6724
6726
6746
6761
6769
6800
6812
6816
6820
6823
6824
6829
6842
6847
6862
6865
6866
6868
6892
6898
6921
6932
6940
6942
6964
6965
6967
6968
6969
6973
6977
6984
6985
7002
7003
7014
7029
7042
7046
7057
7092
7094
7102
7160
7182
7204
7205
7206
7221
7224
7235
7247
7251
7259
7290
7290
7292
7310
7319
7322
7322
7323
7327
7337
7344
7348
7352
7364
7378
7379
7383
7386
7395
7411
7419
7430
7440
7465
7471
7475
7496
7502
7503
7504
7506
7507
7528
7548
7552
7554
7556
7565
7575
7584
7585
7622
7632
7635
7653
7705
7709
7721
7744
7754
7781
7789
7791
7792
7794
7803
7828
7829
7843
7846
7854
7859
7876
7884
7891
7892
7897
7902
7908
7915
7916
7923
7929
7931
7932
7934
7945
7959
7986
7993
7995
8016
8018
8030
8036
8036
8037
8044
8053
8056
8062
8084
8092
8101
8108
8150
8159
8173
8207
8227
8229
8229
8231
8243
8249
8250
8266
8282
8289
8305
8310
8362
8371
8380
8401
8470
8472
8478
8481
8491
8513
8522
8527
8528
8533
8536
8538
8546
8553
8560
8583
8584
8658
8660
8662
8684
8687
8704
8707
8746
8748
8760
8774
8775
8795
8830
8834
8834
8842
8861
8863
8868
8871
8872
8893
8895
8910
8914
8916
8922
8948
8952
8961
8962
8970
8980
8982
8993
9023
9024
9031
9039
9044
9046
9050
9054
9055
9059
9065
9088
9091
9107
9115
9115
9116
9117
9129
9130
9134
9140
9197
9204
9229
9243
9256
9274
9277
9300
9302
9302
9306
9306
9334
9335
9336
9356
9357
9361
9365
9388
9388
9393
9428
9431
9442
9444
9447
9452
9453
9464
9465
9469
9470
9518
9519
9525
9530
9533
9538
9541
9550
9553
9562
9592
9604
9607
9608
9636
9638
9638
9638
9667
9680
9681
9698
9740
9741
9781
9803
9804
9809
9815
9816
9816
9823
9829
9830
9832
9838
9840
9846
9853
9853
9867
9871
9875
9893
9903
9912
9945
9969
9976
9985
9987
9987
9992
9999