8
20
22
28
37
48
49
49
65
77
93
98
104
109
111
123
127
138
148
155
158
165
167
169
189
200
210
211
212
227
230
237
237
238
257
263
291
299
310
316
319
341
354
377
382
399
419
440
440
450
453
478
494
501
506
528
529
559
565
570
591
592
598
621
627
645
658
659
670
682
686
693
706
732
734
748
758
781
809
819
832
848
851
855
872
873
876
893
915
915
916
922
941
952
958
979
994
997
1022
1034
1035
1042
1076
1097
1120
1125
1127
1136
1136
1138
1146
1156
1157
1157
1161
1164
1173
1183
1185
1194
1228
1230
1248
1264
1265
1272
1284
1285
1287
1293
1301
1305
1308
1315
1316
1321
1326
1329
1374
1374
1394
1404
1417
1420
1443
1453
1458
1470
1485
1497
1513
1546
1562
1578
1591
1592
1612
1620
1642
1643
1651
1707
1722
1730
1734
1747
1764
1779
1781
1797
1833
1837
1842
1848
1857
1860
1867
1876
1883
1895
1903
1910
1916
1917
1920
1990
1993
1998
1998
2000
2011
2085
2091
2093
2106
2121
2129
2133
2151
2186
2213
2216
2217
2219
2224
2225
2247
2259
2260
2285
2287
2310
2337
2360
2377
2378
2396
2431
2440
2460
2461
2477
2506
2515
2548
2564
2613
2640
2645
2666
2685
2686
2690
2692
2694
2701
2705
2709
2721
2739
2746
2749
2763
2770
2788
2794
2800
2805
2815
2827
2828
2842
2857
2861
2869
2881
2882
2892
2906
2930
2933
2936
2944
2955
2970
2973
2974
2975
2977
2979
2981
2992
3008
3009
3022
3030
3040
3044
3046
3056
3070
3097
3101
3102
3122
3128
3139
3141
3150
3178
3198
3202
3221
3240
3274
3278
3289
3291
3298
3320
3328
3331
3341
3350
3377
3383
3397
3415
3425
3426
3450
3477
3479
3482
3484
3491
3492
3514
3545
3551
3557
3564
3564
3566
3567
3583
3587
3603
3635
3643
3652
3659
3663
3665
3672
3701
3702
3706
3710
3713
3717
3720
3732
3732
3739
3742
3747
3758
3785
3789
3795
3796
3797
3806
3810
3810
3817
3834
3847
3850
3862
3865
3874
3879
3912
3936
3955
3964
3976
3980
3981
4002
4016
4021
4022
4047
4048
4065
4072
4073
4074
4074
4074
4093
4098
4104
4117
4144
4148
4174
4199
4201
4220
4222
4226
4229
4231
4237
4255
4257
4269
4274
4279
4282
4287
4290
4291
4293
4294
4309
4311
4336
4359
4362
4365
4367
4374
4386
4399
4409
4419
4419
4426
4427
4430
4431
4439
4454
4455
4460
4474
4485
4492
4501
4516
4518
4518
4523
4536
4549
4553
4560
4560
4597
4635
4655
4668
4689
4709
4723
4747
4751
4753
4764
4766
4771
4773
4779
4812
4844
4851
4856
4862
4872
4906
4911
4919
4925
4951
4954
4954
4955
4969
4980
4994
4995
5006
5009
5017
5022
5027
5036
5066
5068
5079
5085
5097
5109
5113
5117
5146
5148
5168
5173
5183
5213
5218
5240
5243
5266
5285
5296
5314
5328
5343
5345
5359
5366
5367
5367
5372
5396
5413
5414
5420
5427
5437
5457
5458
5463
5473
5479
5485
5489
5504
5508
5508
5513
5518
5523
5523
5535
5538
5546
5557
5562
5579
5584
5586
5601
5604
5613
5628
5632
5634
5641
5649
5650
5651
5661
5666
5700
5721
5743
5746
5748
5770
5772
5775
5779
5786
5796
5801
5807
5812
5815
5826
5837
5838
5851
5856
5874
5894
5913
5914
5917
5927
5936
5946
5950
5952
5954
5975
5983
5983
6014
6017
6022
6047
6057
6059
6064
6065
6074
6096
6130
6138
6142
6145
6160
6161
6165
6184
6191
6198
6212
6238
6239
6244
6258
6266
6266
6273
6281
6286
6289
6295
6315
6325
6327
6328
6342
6347
6348
6354
6362
6372
6382
6382
6392
6394
6400
6406
6409
6410
6417
6424
6425
6425
6426
6434
6442
6448
6506
6509
6515
6516
6538
6566
6575
6597
6603
6628
6656
6659
6674
6682
6725
6741
6786
6808
6819
6819
6824
6832
6844
6868
6870
6881
6896
6906
6917
6921
6927
6934
6939
6946
6948
6948
6957
6975
6981
6981
6984
6991
6994
6997
7055
7056
7070
7071
7071
7071
7080
7084
7099
7100
7106
7121
7136
7189
7190
7200
7223
7258
7272
7278
7284
7287
7292
7292
7313
7330
7366
7378
7388
7400
7403
7403
7408
7418
7435
7438
7481
7492
7505
7513
7515
7530
7535
7549
7549
7558
7562
7572
7573
7577
7577
7583
7586
7606
7640
7662
7667
7676
7682
7684
7687
7694
7700
7703
7707
7716
7726
7740
7747
7759
7770
7773
7782
7793
7798
7800
7806
7808
7817
7822
7837
7858
7887
7895
7897
7903
7913
7933
7941
7945
7952
7958
7983
7996
8004
8010
8037
8041
8066
8085
8091
8092
8101
8126
8131
8139
8153
8155
8161
8168
8170
8189
8197
8198
8210
8220
8220
8237
8237
8273
8282
8287
8299
8300
8306
8315
8322
8345
8364
8365
8366
8369
8371
8379
8381
8388
8396
8403
8411
8429
8442
8450
8460
8464
8475
8482
8485
8487
8495
8497
8535
8536
8546
8546
8563
8571
8596
8603
8630
8647
8655
8670
8671
8671
8673
8685
8690
8694
8708
8717
8718
8718
8721
8724
8742
8756
8772
8774
8786
8802
8810
8814
8824
8827
8830
8832
8839
8840
8853
8872
8877
8888
8897
8933
8939
8951
8959
8965
8976
8980
8983
8985
8988
8989
9006
9008
9014
9032
9049
9057
9066
9070
9082
9094
9105
9107
9119
9119
9119
9126
9135
9137
9148
9150
9159
9163
9179
9184
9186
9188
9191
9193
9196
9214
9222
9231
9248
9266
9270
9293
9297
9298
9314
9329
9358
9358
9368
9384
9400
9409
9430
9451
9458
9467
9489
9493
9503
9514
9521
9525
9544
9551
9555
9568
9573
9590
9612
9614
9619
9622
9636
9651
9674
9703
9703
9714
9731
9741
9746
9755
9781
9783
9789
9815
9832
9847
9867
9884
9890
9893
9903
9907
9937
9943
9950
9951
9976
9991
9992
10031
10033
10035
10053
10053
10055
10060
10068
10085
10104
10115
10143
10160
10165
10171
10173
10178
10184
10194
10209
10212
10220
10239
10240
10245
10245
10247
10265
10269
10281
10295
10302
10303
10308
10312
10330
10353
10360
10390
10397
10404
10409
10412
10413
10417
10417
10418
10423
10427
10450
10453
10454
10465
10473
10481
10492
10497
10499
10500
10505
10508
10513
10528
10541
10550
10563
10567
10587
10591
10624
10632
10640
10657
10675
10678
10678
10710
10714
10720
10723
10729
10764
10767
10769
10779
10780
10782
10797
10798
10816
10823
10832
10832
10837
10844
10867
10876
10883
10902
10907
10916
10921
10925
10930
10931
10936
10944
10965
10985
10988
11008
11012
11012
11013
11019
11020
11024
11038
11042
11058
11070
11081
11081
11086
11096
11100
11140
11143
11150
11155
11157
11160
11164
11173
11174
11179
11192
11194
11194
11199
11200
11206
11231
11231
11243
11257
11280
11284
11292
11293
11311
11313
11316
11324
11328
11334
11352
11377
11393
11399
11404
11414
11422
11422
11440
11448
11452
11458
11463
11475
11477
11479
11480
11486
11489
11493
11494
11502
11515
11519
11524
11541
11560
11572
11575
11584
11591
11629
11630
11631
11632
11644
11654
11670
11680
11691
11694
11700
11718
11744
11745
11745
11745
11773
11801
11812
11836
11837
11849
11852
11860
11870
11870
11882
11895
11896
11898
11899
11910
11920
11926
11977
11978
11996
12010
12012
12017
12021
12032
12046
12049
12054
12058
12068
12079
12084
12092
12093
12102
12102
12111
12146
12148
12152
12171
12175
12186
12228
12247
12270
12276
12284
12304
12330
12335
12340
12345
12365
12370
12394
12401
12402
12402
12422
12426
12433
12467
12471
12500
12510
12515
12524
12536
12540
12559
12559
12561
12582
12617
12620
12655
12664
12672
12696
12714
12726
12734
12736
12750
12762
12767
12786
12786
12802
12809
12812
12818
12819
12820
12822
12832
12841
12853
12860
12916
12925
12928
12932
12947
12952
12971
12978
12986
13001
13005
13011
13022
13032
13044
13065
13082
13083
13099
13105
13119
13123
13123
13154
13155
13161
13178
13181
13187
13194
13199
13202
13203
13229
13241
13259
13262
13274
13274
13285
13300
13301
13305
13308
13322
13324
13348
13354
13390
13405
13407
13420
13424
13429
13433
13441
13463
13469
13471
13488
13513
13521
13568
13582
13590
13603
13606
13619
13632
13639
13662
13668
13682
13684
13684
13696
13714
13717
13718
13719
13738
13748
13765
13769
13782
13787
13792
13796
13800
13807
13821
13828
13830
13831
13851
13855
13857
13857
13858
13868
13870
13875
13901
13905
13916
13946
13961
13970
13978
13989
14002
14019
14022
14030
14045
14056
14058
14062
14075
14090
14092
14096
14099
14115
14119
14122
14137
14147
14153
14181
14184
14198
14224
14241
14249
14255
14257
14260
14261
14265
14279
14317
14344
14348
14348
14357
14358
14365
14404
14405
14431
14446
14449
14451
14453
14460
14480
14489
14490
14501
14525
14539
14540
14549
14549
14553
14558
14567
14572
14581
14583
14607
14608
14621
14625
14666
14668
14681
14687
14700
14710
14730
14748
14748
14767
14806
14809
14812
14825
14825
14869
14873
14877
14886
14889
14909
14914
14930
14968
14975
14975
14979
14983
15019
15030
15033
15039
15040
15052
15060
15068
15077
15081
15092
15102
15127
15134
15160
15162
15171
15175
15176
15191
15192
15195
15206
15206
15219
15225
15231
15246
15271
15293
15304
15314
15326
15327
15329
15330
15331
15335
15354
15360
15361
15365
15370
15374
15376
15390
15393
15411
15411
15420
15424
15430
15438
15442
15452
15453
15478
15481
15489
15493
15520
15524
15540
15569
15576
15580
15584
15606
15613
15628
15648
15666
15671
15672
15673
15675
15676
15688
15705
15710
15723
15735
15740
15766
15777
15791
15814
15814
15828
15832
15842
15844
15848
15892
15898
15916
15930
15934
15951
15955
15979
15979
15981
15991
15997
16013
16014
16018
16026
16032
16049
16055
16069
16076
16092
16109
16116
16116
16117
16126
16129
16140
16142
16145
16147
16153
16181
16191
16215
16217
16229
16233
16235
16238
16244
16245
16274
16283
16286
16289
16297
16297
16302
16304
16314
16324
16336
16344
16371
16391
16393
16395
16406
16413
16415
16432
16455
16456
16475
16486
16495
16506
16508
16513
16523
16535
16547
16553
16564
16605
16612
16614
16620
16621
16647
16660
16665
16667
16692
16712
16717
16727
16734
16742
16743
16753
16775
16775
16783
16787
16788
16792
16795
16796
16807
16810
16816
16825
16826
16842
16842
16847
16856
16881
16889
16890
16908
16933
16935
16948
16969
16971
16988
16989
16995
17007
17025
17034
17054
17070
17074
17091
17097
17111
17152
17156
17176
17177
17185
17191
17195
17204
17214
17216
17217
17220
17234
17237
17255
17260
17270
17287
17298
17300
17315
17332
17333
17347
17348
17420
17425
17439
17440
17469
17471
17487
17488
17490
17496
17501
17518
17518
17522
17523
17531
17534
17550
17554
17558
17570
17574
17589
17591
17592
17608
17609
17640
17646
17649
17651
17663
17664
17682
17686
17686
17688
17688
17704
17723
17735
17751
17758
17767
17794
17800
17813
17823
17826
17869
17880
17888
17910
17915
17952
17978
17983
17984
17987
17989
17995
17997
18001
18007
18019
18022
18025
18044
18058
18064
18066
18087
18090
18096
18108
18113
18128
18132
18133
18135
18139
18155
18165
18166
18173
18195
18201
18217
18220
18227
18228
18229
18246
18249
18251
18261
18272
18277
18291
18292
18306
18307
18314
18330
18337
18340
18352
18361
18366
18372
18396
18400
18412
18422
18462
18474
18487
18498
18501
18504
18519
18521
18542
18542
18547
18549
18555
18564
18571
18588
18627
18651
18651
18671
18679
18683
18684
18714
18716
18717
18718
18733
18739
18746
18747
18759
18760
18785
18787
18797
18801
18806
18823
18825
18840
18864
18874
18874
18878
18880
18913
18914
18937
18957
18957
18960
18969
18972
18974
19014
19025
19040
19041
19053
19058
19068
19068
19077
19084
19094
19099
19109
19120
19150
19160
19174
19175
19201
19202
19216
19228
19234
19236
19242
19249
19251
19256
19281
19302
19311
19313
19315
19321
19341
19344
19368
19373
19375
19388
19389
19397
19433
19437
19439
19461
19464
19465
19481
19482
19495
19513
19513
19515
19527
19565
19569
19571
19594
19598
19607
19612
19618
19653
19668
19676
19682
19694
19720
19744
19757
19765
19766
19767
19770
19777
19777
19778
19796
19808
19824
19848
19852
19853
19881
19906
19911
19921
19929
19935
19938
19943
19967
19985
19993
20004
20021
20025
20041
20043
20046
20051
20061
20066
20072
20075
20079
20083
20088
20092
20093
20096
20121
20126
20129
20131
20137
20138
20141
20142
20157
20172
20179
20183
20188
20188
20188
20191
20203
20213
20243
20266
20290
20293
20307
20308
20328
20329
20336
20356
20357
20358
20375
20422
20432
20436
20444
20451
20455
20460
20469
20480
20481
20485
20496
20500
20503
20513
20547
20554
20560
20565
20567
20584
20590
20601
20635
20642
20648
20654
20664
20686
20690
20706
20706
20717
20728
20728
20734
20743
20750
20753
20778
20778
20803
20812
20822
20825
20833
20834
20837
20840
20849
20868
20885
20890
20892
20899
20900
20922
20943
20971
20998
20999
21000
21008
21038
21051
21052
21066
21070
21071
21090
21096
21106
21108
21110
21115
21131
21136
21140
21143
21155
21163
21171
21189
21191
21195
21216
21237
21237
21245
21247
21261
21274
21295
21296
21308
21311
21319
21328
21337
21340
21344
21349
21363
21381
21385
21395
21405
21422
21428
21432
21441
21447
21454
21457
21459
21471
21491
21504
21507
21521
21524
21531
21537
21538
21583
21609
21610
21621
21629
21638
21642
21650
21650
21657
21661
21686
21690
21690
21691
21734
21747
21780
21783
21787
21812
21812
21818
21825
21841
21854
21856
21872
21873
21875
21881
21888
21906
21917
21926
21929
21934
21946
21952
21954
21961
21963
21965
21973
21976
21982
21982
21988
22015
22018
22023
22024
22032
22054
22061
22062
22071
22072
22105
22132
22151
22193
22213
22218
22219
22221
22230
22241
22246
22259
22272
22278
22314
22317
22317
22319
22320
22326
22332
22346
22351
22356
22366
22370
22374
22375
22378
22380
22389
22401
22415
22424
22427
22438
22447
22464
22467
22467
22471
22474
22494
22520
22539
22543
22546
22548
22553
22555
22564
22589
22615
22632
22643
22645
22648
22662
22675
22682
22695
22706
22713
22713
22715
22759
22770
22777
22783
22805
22805
22810
22816
22850
22856
22903
22915
22916
22944
22949
22950
22950
22953
22956
22981
22984
22986
22994
23001
23012
23013
23017
23017
23023
23026
23029
23039
23055
23057
23060
23064
23067
23074
23088
23088
23090
23118
23121
23126
23137
23148
23159
23184
23192
23216
23217
23232
23235
23255
23256
23312
23315
23324
23344
23366
23372
23378
23388
23390
23400
23407
23430
23431
23447
23450
23456
23463
23471
23480
23481
23483
23484
23520
23522
23536
23547
23558
23562
23656
23659
23664
23669
23673
23694
23710
23716
23729
23753
23762
23763
23772
23776
23777
23782
23785
23785
23788
23803
23811
23828
23830
23839
23849
23854
23871
23885
23890
23911
23924
23927
23933
23935
23949
23989
24008
24011
24019
24020
24026
24038
24079
24083
24097
24120
24131
24144
24145
24153
24155
24155
24183
24208
24218
24236
24245
24250
24253
24260
24267
24270
24272
24280
24282
24301
24303
24306
24312
24319
24319
24320
24320
24330
24334
24358
24361
24364
24364
24374
24382
24382
24383
24390
24391
24395
24419
24437
24442
24445
24449
24452
24464
24477
24494
24509
24518
24537
24550
24565
24566
24570
24600
24605
24607
24613
24617
24620
24653
24671
24683
24689
24705
24706
24710
24719
24733
24734
24738
24746
24750
24754
24765
24765
24770
24786
24797
24801
24805
24814
24829
24831
24844
24850
24853
24857
24857
24863
24872
24889
24894
24897
24897
24903
24924
24926
24940
24948
24970
24977
25025
25031
25034
25035
25067
25077
25078
25087
25118
25126
25132
25139
25144
25148
25150
25153
25165
25165
25175
25179
25181
25195
25234
25246
25250
25272
25302
25311
25337
25345
25349
25358
25376
25377
25377
25377
25379
25395
25416
25421
25426
25430
25446
25449
25452
25456
25459
25467
25472
25472
25491
25505
25508
25531
25531
25531
25542
25550
25567
25570
25571
25578
25582
25583
25629
25636
25651
25652
25673
25701
25702
25707
25713
25716
25721
25736
25741
25767
25778
25781
25790
25790
25797
25809
25851
25853
25858
25869
25879
25885
25916
25919
25944
25955
25959
25963
25968
25972
25972
25979
25982
25995
26014
26015
26028
26046
26058
26068
26074
26089
26090
26129
26141
26178
26187
26190
26193
26211
26217
26239
26242
26244
26275
26276
26308
26319
26330
26340
26342
26345
26359
26363
26389
26406
26413
26413
26415
26424
26459
26463
26465
26469
26482
26486
26487
26503
26511
26522
26534
26568
26585
26585
26587
26595
26599
26601
26618
26619
26640
26646
26666
26682
26695
26696
26714
26723
26729
26740
26744
26749
26763
26782
26782
26790
26791
26798
26815
26851
26861
26865
26880
26893
26910
26912
26914
26916
26934
26935
26950
26976
27015
27016
27020
27039
27060
27076
27079
27088
27093
27093
27100
27106
27108
27117
27126
27126
27131
27174
27182
27182
27183
27191
27196
27210
27215
27226
27239
27244
27257
27260
27262
27265
27281
27283
27284
27286
27293
27315
27317
27321
27322
27326
27343
27345
27347
27369
27373
27377
27381
27381
27387
27397
27398
27403
27407
27409
27413
27442
27449
27451
27476
27483
27505
27514
27516
27519
27523
27557
27571
27578
27582
27583
27597
27640
27647
27647
27648
27663
27678
27682
27699
27706
27708
27712
27722
27724
27725
27740
27745
27776
27779
27812
27812
27824
27828
27845
27851
27861
27864
27906
27922
27928
27939
27945
27953
27958
27961
27964
27971
27972
27985
27988
27991
28004
28012
28017
28026
28039
28041
28043
28045
28055
28084
28087
28111
28123
28145
28148
28199
28207
28218
28220
28221
28240
28268
28272
28275
28300
28300
28302
28304
28315
28316
28322
28329
28330
28333
28346
28355
28372
28379
28379
28385
28414
28442
28453
28462
28480
28493
28499
28504
28505
28512
28516
28517
28522
28526
28533
28541
28542
28546
28561
28574
28586
28589
28595
28607
28618
28625
28630
28644
28649
28656
28665
28669
28671
28685
28689
28696
28705
28713
28721
28730
28748
28795
28813
28830
28841
28851
28855
28859
28864
28895
28909
28921
28931
28945
28956
28961
28964
28975
29007
29011
29028
29032
29055
29065
29074
29125
29136
29161
29166
29171
29181
29186
29216
29230
29231
29235
29248
29249
29258
29262
29289
29307
29320
29321
29338
29339
29350
29359
29364
29368
29372
29383
29395
29402
29423
29426
29432
29438
29455
29474
29474
29477
29488
29501
29510
29510
29520
29539
29546
29548
29548
29555
29567
29575
29589
29591
29613
29627
29629
29645
29647
29670
29680
29680
29684
29686
29690
29698
29702
29708
29722
29724
29733
29739
29741
29767
29769
29788
29823
29829
29835
29837
29846
29851
29875
29881
29883
29885
29899
29906
29908
29927
29949
29953
29972
29977
29982
29985
29986
29987
29988
30002
30003
30006
30006
30034
30042
30069
30079
30083
30088
30096
30124
30126
30129
30144
30155
30157
30162
30167
30175
30182
30187
30192
30193
30208
30210
30214
30252
30255
30260
30262
30270
30276
30281
30304
30358
30360
30361
30368
30372
30374
30387
30392
30429
30445
30456
30470
30474
30474
30477
30480
30483
30489
30489
30500
30501
30501
30533
30547
30580
30596
30600
30625
30637
30653
30675
30686
30693
30706
30712
30716
30720
30735
30764
30768
30793
30800
30813
30822
30836
30839
30842
30849
30857
30871
30879
30888
30903
30951
30968
30977
30979
30980
30981
30984
30987
30997
31025
31044
31062
31066
31071
31081
31090
31092
31093
31094
31102
31109
31120
31149
31159
31175
31184
31185
31191
31192
31193
31199
31208
31219
31234
31258
31264
31284
31291
31293
31297
31309
31319
31325
31327
31330
31333
31340
31353
31358
31365
31365
31387
31426
31440
31472
31479
31495
31536
31540
31540
31545
31555
31562
31565
31579
31636
31647
31652
31664
31670
31670
31674
31689
31701
31709
31732
31754
31754
31758
31767
31770
31771
31772
31774
31778
31787
31791
31794
31797
31809
31820
31843
31844
31855
31876
31877
31877
31879
31887
31908
31912
31932
31942
31943
31948
31999
32002
32011
32035
32040
32041
32051
32059
32079
32082
32082
32086
32091
32096
32097
32115
32128
32151
32164
32178
32183
32197
32199
32201
32212
32222
32244
32258
32274
32302
32315
32322
32349
32350
32363
32379
32380
32387
32434
32440
32441
32451
32463
32463
32471
32489
32501
32511
32520
32521
32545
32556
32569
32585
32590
32591
32609
32613
32621
32623
32632
32635
32680
32688
32705
32706
32710
32710
32722
32744
32759
32763
32765
32768
32798
32812
32820
32825
32826
32838
32844
32869
32900
32907
32924
32935
32942
32950
32951
32956
32962
32968
32972
32975
32979
32998
33000
33003
33011
33024
33024
33032
33033
33059
33062
33065
33066
33073
33076
33097
33113
33114
33121
33126
33135
33157
33166
33170
33201
33208
33215
33230
33252
33256
33264
33275
33281
33303
33303
33305
33316
33335
33339
33365
33383
33388
33391
33421
33425
33429
33444
33451
33464
33471
33476
33477
33479
33483
33483
33489
33502
33506
33506
33509
33523
33525
33543
33546
33551
33563
33586
33587
33601
33604
33612
33623
33632
33633
33633
33697
33718
33720
33729
33732
33736
33745
33750
33753
33755
33803
33803
33812
33812
33816
33816
33824
33829
33835
33858
33859
33872
33872
33886
33887
33898
33904
33911
33929
33932
33937
33942
33954
33966
33978
34007
34016
34024
34039
34045
34061
34079
34081
34085
34111
34120
34131
34133
34136
34142
34143
34143
34146
34171
34188
34189
34190
34202
34206
34212
34222
34237
34237
34250
34251
34264
34265
34296
34298
34316
34323
34345
34359
34390
34399
34400
34410
34416
34438
34459
34484
34490
34496
34502
34504
34504
34512
34517
34531
34560
34575
34575
34576
34582
34589
34591
34621
34628
34637
34645
34647
34648
34650
34653
34665
34670
34690
34696
34699
34728
34734
34737
34741
34767
34768
34784
34805
34850
34856
34856
34863
34890
34915
34921
34929
34929
34930
34938
34975
34975
34982
34996
34999
35007
35052
35057
35072
35090
35095
35100
35130
35136
35142
35178
35185
35193
35202
35210
35232
35233
35241
35249
35250
35255
35260
35281
35288
35327
35358
35364
35368
35370
35442
35467
35477
35484
35500
35522
35531
35547
35548
35557
35557
35577
35579
35580
35589
35605
35607
35611
35615
35636
35650
35658
35662
35670
35677
35683
35683
35711
35711
35717
35721
35733
35735
35747
35747
35755
35762
35764
35788
35792
35799
35800
35801
35811
35816
35826
35826
35836
35849
35863
35870
35873
35886
35890
35893
35897
35918
35926
35934
35939
35951
35951
35989
35996
36011
36033
36045
36059
36086
36086
36109
36119
36120
36123
36130
36138
36154
36162
36164
36177
36178
36190
36191
36228
36233
36235
36244
36247
36263
36272
36277
36278
36283
36285
36287
36288
36289
36301
36312
36315
36315
36317
36318
36328
36346
36350
36367
36382
36420
36420
36429
36431
36440
36456
36457
36457
36470
36478
36481
36485
36489
36510
36530
36555
36556
36557
36562
36573
36575
36581
36585
36586
36587
36590
36616
36621
36623
36625
36661
36667
36674
36691
36699
36700
36711
36713
36722
36722
36735
36745
36749
36752
36759
36761
36763
36769
36770
36771
36782
36785
36787
36794
36800
36802
36807
36813
36814
36829
36833
36833
36852
36854
36868
36870
36888
36895
36896
36903
36907
36908
36908
36926
36926
36932
36933
36947
36954
36956
36963
36972
36973
36990
37007
37017
37035
37042
37047
37051
37079
37092
37107
37120
37130
37135
37136
37151
37154
37163
37164
37168
37173
37180
37202
37224
37254
37264
37268
37290
37294
37294
37304
37329
37330
37338
37340
37341
37346
37355
37388
37395
37400
37413
37434
37435
37479
37492
37497
37521
37527
37537
37544
37595
37602
37603
37617
37627
37642
37643
37661
37661
37662
37666
37686
37724
37734
37736
37738
37753
37757
37841
37843
37846
37896
37905
37918
37925
37934
37955
37956
37963
37963
37975
37999
38006
38036
38041
38049
38049
38056
38101
38101
38112
38117
38117
38126
38129
38138
38159
38168
38182
38200
38219
38226
38250
38263
38265
38265
38273
38279
38295
38306
38312
38313
38346
38375
38384
38385
38388
38390
38391
38393
38441
38445
38447
38461
38466
38475
38480
38519
38524
38537
38553
38595
38623
38626
38659
38664
38666
38667
38701
38710
38715
38716
38716
38722
38727
38729
38734
38751
38813
38822
38844
38857
38861
38862
38865
38870
38889
38927
38933
38943
38945
38945
38949
38955
38959
38989
38996
38998
39002
39004
39021
39028
39031
39033
39041
39064
39068
39079
39090
39109
39114
39116
39119
39145
39149
39150
39159
39179
39180
39183
39184
39192
39195
39203
39211
39216
39223
39234
39238
39242
39253
39306
39315
39318
39335
39343
39346
39353
39354
39370
39374
39377
39381
39384
39395
39398
39399
39412
39416
39431
39433
39451
39484
39491
39499
39501
39502
39512
39515
39517
39517
39535
39535
39543
39564
39574
39586
39586
39592
39607
39609
39610
39611
39628
39635
39640
39640
39641
39643
39643
39658
39669
39683
39685
39690
39715
39726
39741
39748
39762
39763
39770
39781
39789
39807
39809
39820
39820
39832
39841
39842
39873
39882
39887
39895
39896
39900
39901
39909
39909
39916
39928
39936
39936
39939
39943
39945
39954
39959
39964
39975
39984
39985
39988
40006
40012
40014
40022
40033
40035
40047
40047
40051
40053
40060
40060
40061
40073
40078
40090
40090
40102
40105
40111
40120
40127
40134
40135
40137
40166
40171
40187
40197
40209
40212
40262
40268
40270
40273
40277
40304
40305
40321
40343
40348
40353
40369
40388
40392
40408
40424
40427
40429
40430
40468
40488
40498
40511
40531
40538
40548
40554
40561
40564
40572
40590
40613
40625
40646
40649
40649
40649
40656
40678
40687
40692
40738
40745
40760
40771
40773
40777
40793
40808
40832
40855
40861
40862
40871
40880
40880
40883
40889
40893
40910
40911
40918
40921
40940
40954
40955
40962
40967
40968
40969
40975
41004
41013
41019
41033
41058
41063
41068
41075
41075
41106
41116
41129
41133
41163
41167
41174
41179
41189
41196
41206
41214
41219
41226
41227
41250
41257
41261
41265
41292
41303
41324
41336
41336
41346
41353
41377
41384
41413
41417
41424
41431
41491
41491
41522
41538
41539
41544
41546
41546
41554
41556
41562
41571
41575
41578
41588
41608
41619
41656
41662
41667
41678
41678
41681
41697
41707
41721
41723
41723
41737
41747
41748
41751
41759
41760
41762
41778
41781
41799
41801
41824
41847
41889
41897
41911
41919
41926
41937
41970
41980
42012
42035
42039
42049
42053
42056
42058
42064
42076
42076
42106
42108
42115
42126
42138
42139
42147
42149
42155
42159
42193
42242
42256
42274
42278
42283
42298
42314
42336
42367
42395
42396
42429
42433
42439
42441
42458
42470
42470
42476
42478
42509
42515
42530
42543
42570
42575
42580
42584
42587
42597
42599
42618
42635
42643
42658
42667
42691
42706
42713
42716
42717
42735
42738
42746
42746
42747
42757
42762
42770
42776
42782
42798
42820
42824
42825
42827
42832
42841
42845
42848
42854
42856
42857
42859
42865
42865
42876
42901
42910
42914
42922
42933
42942
42944
42953
42960
42961
42966
42993
42999
43001
43013
43050
43059
43061
43081
43086
43093
43099
43142
43162
43167
43188
43199
43200
43207
43213
43221
43225
43227
43244
43260
43273
43276
43289
43295
43296
43306
43308
43315
43321
43332
43335
43349
43364
43374
43377
43399
43399
43401
43402
43409
43413
43427
43430
43449
43463
43467
43474
43481
43484
43502
43503
43506
43533
43564
43572
43582
43586
43593
43603
43624
43631
43632
43635
43642
43645
43665
43670
43670
43674
43679
43684
43684
43713
43723
43732
43740
43754
43756
43765
43777
43785
43791
43833
43845
43860
43868
43878
43888
43890
43893
43948
43950
43952
43954
43962
43970
43970
43975
43982
43983
43987
43996
44021
44036
44048
44060
44068
44068
44074
44075
44081
44088
44106
44132
44156
44156
44163
44168
44191
44205
44218
44221
44228
44242
44245
44250
44253
44256
44256
44256
44257
44259
44261
44273
44283
44292
44295
44296
44307
44310
44322
44337
44349
44355
44379
44382
44402
44409
44432
44444
44448
44451
44461
44474
44481
44487
44500
44504
44505
44515
44520
44522
44526
44526
44532
44539
44540
44548
44551
44558
44559
44576
44598
44601
44635
44647
44650
44650
44659
44683
44687
44704
44743
44747
44749
44778
44783
44800
44801
44804
44805
44829
44836
44866
44869
44872
44883
44887
44892
44895
44915
44925
44925
44929
44941
44944
44966
44966
44968
44980
44984
44986
45017
45020
45029
45039
45066
45068
45074
45088
45092
45097
45143
45161
45196
45200
45202
45203
45214
45228
45243
45245
45252
45267
45269
45287
45301
45303
45316
45336
45342
45358
45359
45373
45386
45391
45392
45405
45409
45422
45422
45441
45445
45457
45457
45461
45467
45469
45493
45495
45496
45499
45501
45513
45519
45523
45523
45536
45539
45554
45563
45564
45568
45571
45577
45578
45592
45640
45642
45643
45666
45667
45675
45680
45694
45714
45730
45753
45754
45770
45771
45799
45814
45820
45865
45888
45891
45908
45920
45941
45946
45947
45957
45987
46011
46018
46035
46036
46042
46043
46052
46062
46111
46119
46156
46160
46163
46186
46193
46194
46198
46202
46202
46204
46214
46219
46230
46238
46248
46259
46267
46276
46282
46292
46295
46299
46312
46332
46334
46347
46379
46385
46416
46420
46443
46444
46451
46463
46481
46490
46496
46499
46504
46539
46540
46544
46559
46560
46570
46579
46590
46606
46623
46634
46654
46667
46677
46689
46690
46692
46695
46702
46703
46721
46722
46730
46743
46761
46784
46791
46795
46801
46803
46812
46817
46829
46832
46840
46840
46853
46864
46888
46904
46906
46912
46920
46955
46966
46980
46980
46990
46999
47001
47014
47031
47038
47044
47050
47055
47057
47070
47093
47095
47100
47107
47109
47114
47115
47123
47123
47164
47174
47197
47204
47214
47227
47240
47241
47246
47267
47268
47286
47287
47307
47311
47317
47335
47346
47356
47406
47409
47417
47426
47444
47451
47482
47518
47538
47601
47615
47647
47657
47661
47671
47672
47699
47709
47724
47725
47737
47747
47750
47751
47759
47760
47773
47775
47775
47802
47803
47805
47807
47844
47886
47890
47897
47901
47906
47907
47916
47933
47935
47945
47965
47994
48003
48011
48022
48027
48031
48067
48079
48085
48100
48103
48116
48141
48144
48148
48175
48176
48181
48182
48186
48192
48202
48206
48210
48220
48224
48232
48238
48255
48255
48261
48278
48294
48294
48300
48300
48312
48322
48326
48337
48345
48365
48390
48395
48405
48415
48421
48442
48450
48460
48469
48478
48486
48494
48500
48538
48545
48570
48578
48583
48592
48598
48598
48601
48602
48606
48621
48633
48640
48654
48657
48658
48662
48677
48685
48690
48731
48754
48761
48770
48771
48772
48787
48800
48815
48826
48832
48846
48847
48847
48852
48867
48870
48875
48884
48894
48902
48917
48918
48927
48953
48969
48976
48989
49002
49027
49027
49034
49035
49038
49043
49052
49068
49079
49079
49085
49089
49094
49104
49112
49124
49164
49164
49180
49185
49206
49213
49218
49241
49279
49290
49290
49295
49306
49311
49313
49316
49344
49350
49360
49411
49419
49419
49459
49490
49493
49496
49506
49510
49512
49516
49518
49523
49526
49528
49541
49544
49549
49551
49555
49567
49574
49616
49627
49645
49647
49659
49688
49693
49737
49742
49762
49765
49767
49788
49794
49795
49809
49820
49824
49848
49853
49866
49867
49867
49869
49870
49880
49890
49898
49901
49908
49917
49917
49943
49949
49954
49956
49956
49963
49964
50006
50013
50040
50041
50048
50057
50060
50062
50068
50078
50078
50079
50090
50090
50093
50097
50098
50100
50110
50116
50153
50154
50160
50172
50172
50177
50185
50194
50195
50214
50230
50235
50252
50254
50259
50270
50274
50279
50280
50288
50296
50317
50331
50347
50351
50356
50366
50367
50381
50381
50381
50398
50403
50404
50405
50413
50416
50416
50423
50436
50466
50466
50467
50469
50473
50500
50522
50523
50552
50562
50563
50573
50581
50588
50588
50598
50611
50612
50617
50628
50629
50632
50639
50639
50645
50668
50736
50740
50774
50776
50785
50791
50819
50821
50821
50863
50865
50891
50895
50901
50903
50906
50912
50913
50917
50954
50980
50992
51000
51017
51036
51054
51064
51096
51104
51136
51145
51160
51171
51186
51192
51196
51199
51230
51233
51250
51270
51275
51288
51290
51293
51301
51316
51321
51339
51369
51377
51381
51383
51409
51409
51415
51419
51429
51461
51474
51487
51519
51553
51574
51574
51577
51581
51602
51602
51616
51620
51625
51635
51644
51654
51654
51656
51673
51685
51702
51711
51753
51754
51771
51780
51805
51811
51822
51822
51847
51859
51863
51874
51882
51882
51899
51906
51909
51929
51939
51950
51970
51990
51994
51998
52006
52011
52015
52018
52018
52027
52029
52044
52051
52059
52064
52067
52071
52073
52077
52095
52108
52118
52126
52127
52130
52132
52134
52134
52138
52166
52174
52179
52186
52206
52212
52212
52214
52220
52225
52228
52262
52263
52263
52276
52280
52308
52329
52344
52372
52383
52385
52390
52392
52405
52416
52420
52429
52436
52436
52503
52505
52506
52523
52530
52538
52543
52545
52548
52577
52616
52626
52631
52645
52652
52682
52691
52697
52706
52716
52718
52720
52723
52726
52731
52762
52773
52778
52784
52789
52797
52814
52818
52819
52827
52829
52841
52847
52876
52896
52899
52933
52937
52949
52949
52952
52957
52965
52969
52981
52984
52998
53017
53027
53029
53038
53047
53047
53049
53089
53109
53116
53121
53144
53146
53148
53149
53157
53165
53178
53187
53190
53190
53198
53204
53205
53212
53229
53238
53239
53246
53248
53268
53269
53273
53316
53329
53349
53351
53363
53369
53393
53399
53405
53413
53418
53431
53436
53453
53463
53463
53466
53475
53484
53508
53512
53516
53518
53549
53553
53560
53560
53565
53566
53569
53577
53586
53636
53640
53648
53652
53669
53693
53700
53700
53704
53715
53718
53724
53729
53735
53750
53779
53782
53807
53809
53818
53849
53861
53862
53894
53902
53911
53934
53967
53969
53982
53984
54000
54003
54067
54079
54082
54092
54107
54126
54130
54131
54139
54167
54172
54184
54189
54196
54198
54210
54214
54219
54222
54229
54246
54251
54253
54280
54285
54288
54303
54305
54313
54314
54318
54318
54320
54348
54363
54366
54378
54382
54386
54386
54428
54429
54432
54437
54439
54470
54483
54483
54495
54509
54548
54561
54589
54589
54591
54601
54605
54605
54613
54615
54616
54619
54628
54639
54642
54652
54667
54674
54689
54696
54699
54722
54727
54729
54783
54794
54797
54804
54814
54818
54825
54828
54828
54851
54854
54866
54866
54879
54886
54912
54938
54938
54939
54945
54981
54988
54992
54995
55003
55007
55020
55025
55060
55070
55078
55089
55093
55094
55100
55103
55124
55129
55130
55134
55159
55170
55214
55215
55229
55232
55235
55245
55247
55256
55267
55269
55275
55275
55276
55288
55299
55301
55302
55325
55326
55332
55337
55340
55352
55353
55356
55358
55358
55410
55414
55415
55419
55422
55428
55442
55446
55448
55450
55451
55463
55464
55469
55472
55483
55489
55493
55495
55497
55501
55506
55511
55515
55517
55526
55539
55547
55553
55593
55596
55608
55623
55628
55630
55639
55642
55643
55659
55683
55698
55702
55718
55718
55726
55763
55766
55800
55805
55806
55807
55824
55842
55851
55855
55857
55860
55868
55874
55884
55887
55889
55897
55903
55925
55937
55939
55948
55951
55954
55979
56000
56007
56024
56024
56039
56103
56106
56113
56123
56139
56143
56144
56150
56157
56167
56178
56203
56205
56211
56213
56227
56235
56244
56247
56252
56260
56271
56274
56284
56285
56287
56301
56304
56315
56330
56337
56363
56368
56380
56383
56394
56395
56399
56409
56418
56424
56424
56427
56427
56432
56435
56441
56449
56467
56478
56484
56484
56486
56488
56491
56502
56525
56541
56546
56548
56555
56557
56568
56568
56582
56584
56588
56591
56605
56622
56628
56629
56629
56642
56663
56668
56693
56694
56694
56706
56720
56725
56750
56765
56784
56789
56797
56804
56812
56814
56826
56829
56843
56843
56850
56872
56880
56912
56920
56921
56940
56942
56954
56987
57043
57046
57047
57051
57058
57058
57063
57075
57082
57094
57102
57106
57114
57122
57125
57127
57128
57151
57157
57174
57182
57197
57209
57211
57216
57222
57223
57231
57238
57249
57259
57260
57271
57271
57321
57330
57334
57337
57374
57404
57415
57426
57430
57445
57460
57464
57467
57474
57484
57484
57485
57486
57491
57502
57524
57528
57531
57545
57562
57577
57583
57601
57602
57610
57614
57620
57628
57634
57641
57671
57672
57699
57702
57713
57751
57758
57758
57763
57765
57789
57810
57819
57821
57842
57878
57878
57897
57904
57910
57910
57918
57932
57946
57946
57947
57979
57990
57994
58010
58020
58024
58025
58026
58029
58037
58042
58046
58056
58062
58086
58100
58115
58119
58121
58137
58142
58151
58152
58153
58160
58175
58183
58183
58184
58197
58202
58206
58220
58225
58232
58235
58237
58243
58245
58253
58261
58267
58271
58289
58291
58294
58300
58314
58325
58325
58335
58354
58401
58435
58440
58445
58471
58479
58493
58500
58504
58510
58512
58519
58522
58522
58527
58536
58541
58564
58566
58583
58584
58596
58596
58608
58644
58646
58663
58727
58777
58780
58784
58789
58811
58816
58817
58830
58832
58837
58844
58856
58864
58869
58880
58894
58915
58920
58949
58953
58968
58968
58969
58975
58986
58987
59001
59002
59023
59027
59038
59044
59050
59052
59066
59077
59078
59095
59095
59106
59112
59124
59134
59175
59184
59194
59208
59209
59237
59245
59255
59256
59263
59271
59285
59287
59293
59300
59306
59307
59318
59322
59339
59347
59379
59390
59395
59400
59412
59415
59418
59428
59441
59452
59454
59474
59476
59482
59492
59498
59512
59514
59519
59577
59610
59627
59640
59642
59645
59651
59662
59665
59670
59675
59687
59697
59734
59742
59762
59773
59818
59830
59834
59856
59867
59870
59884
59891
59903
59913
59913
59913
59924
59946
59948
59953
59957
59957
59965
60004
60011
60034
60040
60041
60041
60079
60081
60091
60094
60110
60121
60182
60195
60205
60245
60286
60294
60298
60302
60315
60324
60324
60326
60328
60329
60334
60346
60356
60365
60372
60384
60392
60399
60425
60442
60443
60452
60454
60464
60471
60480
60497
60504
60508
60516
60526
60533
60536
60541
60543
60543
60556
60558
60592
60611
60614
60630
60635
60645
60654
60658
60664
60670
60684
60688
60688
60690
60693
60700
60702
60733
60740
60743
60758
60761
60777
60777
60786
60834
60844
60847
60849
60887
60894
60902
60955
60961
60968
60968
60993
60996
61010
61015
61028
61028
61037
61050
61057
61062
61065
61071
61073
61074
61088
61091
61127
61131
61137
61148
61199
61205
61210
61210
61228
61276
61278
61283
61283
61289
61293
61339
61346
61349
61353
61363
61374
61386
61388
61393
61401
61420
61425
61432
61433
61447
61453
61523
61527
61535
61535
61545
61556
61560
61567
61575
61576
61586
61600
61604
61619
61633
61633
61657
61659
61667
61676
61681
61690
61690
61694
61696
61715
61717
61718
61739
61739
61749
61761
61773
61773
61774
61781
61785
61797
61807
61810
61815
61820
61821
61837
61838
61852
61876
61878
61892
61900
61905
61935
61939
61944
61961
61966
61966
61968
61974
61977
61984
61986
61990
61993
62004
62010
62021
62023
62031
62033
62051
62088
62091
62107
62109
62115
62120
62146
62160
62185
62193
62196
62203
62209
62210
62214
62223
62234
62242
62282
62286
62287
62293
62339
62342
62351
62358
62372
62375
62385
62400
62402
62407
62408
62431
62432
62435
62438
62440
62459
62465
62500
62509
62519
62529
62534
62539
62539
62545
62552
62560
62562
62591
62641
62644
62655
62661
62676
62685
62731
62746
62763
62767
62769
62773
62792
62829
62843
62845
62851
62859
62874
62876
62931
62944
62961
62974
62974
62997
63005
63017
63031
63035
63046
63047
63049
63065
63067
63074
63076
63085
63095
63098
63135
63180
63183
63186
63189
63191
63210
63229
63253
63268
63290
63291
63295
63301
63305
63305
63308
63309
63313
63313
63314
63327
63329
63356
63364
63370
63374
63387
63405
63409
63413
63420
63433
63441
63454
63462
63462
63481
63503
63537
63560
63575
63577
63582
63591
63608
63624
63631
63635
63650
63655
63657
63666
63668
63684
63701
63704
63704
63710
63720
63721
63741
63762
63763
63766
63767
63771
63787
63791
63804
63818
63820
63821
63833
63838
63864
63873
63875
63876
63880
63884
63895
63896
63916
63917
63931
63954
63960
63975
63977
63997
63998
64007
64019
64051
64055
64067
64074
64095
64101
64106
64108
64115
64121
64121
64168
64188
64197
64200
64210
64216
64219
64224
64241
64245
64247
64249
64249
64258
64264
64287
64305
64306
64312
64312
64318
64321
64332
64358
64371
64376
64378
64388
64393
64401
64402
64427
64441
64442
64444
64454
64475
64480
64490
64493
64494
64505
64532
64535
64549
64567
64581
64608
64619
64666
64674
64688
64706
64715
64753
64754
64759
64767
64769
64787
64803
64815
64821
64842
64843
64851
64859
64880
64887
64940
64954
64957
64961
64964
64991
64991
65000
65005
65009
65015
65015
65018
65029
65035
65039
65051
65056
65058
65060
65076
65082
65096
65096
65105
65122
65129
65130
65136
65146
65149
65164
65173
65178
65179
65180
65197
65210
65244
65255
65266
65266
65279
65287
65298
65308
65328
65370
65374
65381
65440
65441
65451
65451
65468
65481
65486
65502
65507
65507
65519
65519
65528
65533
65551
65568
65569
65581
65604
65616
65632
65640
65647
65653
65670
65673
65681
65682
65696
65704
65704
65724
65739
65742
65749
65754
65784
65789
65795
65802
65802
65811
65823
65823
65823
65839
65877
65880
65887
65893
65898
65902
65906
65910
65941
65971
65988
66005
66013
66026
66028
66030
66032
66067
66073
66081
66098
66129
66143
66144
66150
66184
66187
66258
66260
66264
66273
66314
66314
66326
66330
66332
66343
66343
66358
66366
66392
66397
66399
66407
66407
66414
66429
66432
66448
66451
66479
66496
66501
66503
66504
66526
66547
66569
66572
66598
66630
66630
66638
66639
66658
66661
66670
66688
66713
66718
66719
66727
66743
66749
66753
66754
66761
66761
66770
66774
66808
66809
66822
66823
66824
66825
66832
66846
66847
66865
66865
66877
66879
66894
66917
66923
66927
66930
66936
66944
66945
66950
66955
66959
66976
66982
66997
67009
67014
67014
67019
67021
67030
67031
67033
67045
67056
67065
67071
67076
67081
67081
67083
67087
67100
67106
67116
67123
67131
67133
67145
67157
67174
67180
67199
67206
67207
67210
67225
67226
67229
67236
67253
67274
67279
67290
67295
67296
67298
67307
67315
67329
67329
67330
67358
67373
67374
67379
67387
67398
67416
67431
67472
67479
67502
67505
67517
67552
67554
67562
67568
67584
67596
67602
67609
67610
67612
67623
67625
67626
67633
67635
67645
67649
67650
67657
67659
67681
67687
67692
67701
67704
67713
67721
67772
67781
67789
67789
67817
67827
67833
67846
67852
67854
67855
67872
67875
67884
67900
67903
67903
67904
67908
67917
67930
67931
67956
67958
67961
67964
67974
67976
67983
67986
68000
68003
68013
68013
68020
68046
68058
68067
68080
68086
68087
68100
68102
68102
68123
68142
68147
68159
68162
68182
68202
68216
68236
68248
68253
68266
68308
68328
68335
68343
68343
68347
68350
68371
68374
68379
68404
68412
68412
68413
68511
68512
68521
68521
68522
68530
68540
68548
68549
68549
68556
68557
68566
68580
68582
68582
68591
68592
68618
68638
68640
68641
68650
68660
68661
68670
68675
68678
68680
68685
68692
68700
68701
68702
68708
68726
68739
68749
68781
68810
68824
68826
68827
68832
68840
68849
68860
68865
68869
68884
68913
68916
68920
68934
68940
68941
68942
68947
68953
68957
68964
68969
68990
68991
68991
69005
69018
69029
69040
69041
69044
69051
69059
69073
69086
69089
69095
69103
69107
69108
69109
69115
69119
69137
69146
69169
69176
69181
69202
69216
69224
69225
69231
69239
69241
69256
69259
69260
69278
69283
69287
69291
69309
69315
69316
69321
69326
69332
69338
69374
69380
69380
69391
69398
69401
69404
69418
69420
69422
69435
69448
69460
69463
69491
69497
69499
69504
69523
69523
69531
69548
69554
69571
69605
69607
69612
69615
69625
69650
69665
69665
69672
69696
69700
69721
69731
69732
69741
69755
69756
69759
69771
69787
69795
69799
69814
69817
69819
69819
69839
69843
69872
69874
69875
69877
69890
69903
69919
69947
69948
69980
69997
70004
70017
70017
70050
70055
70058
70062
70071
70071
70072
70073
70075
70078
70088
70092
70094
70102
70108
70112
70113
70132
70138
70170
70173
70228
70259
70265
70275
70285
70286
70312
70317
70323
70326
70343
70346
70347
70352
70355
70356
70361
70364
70375
70375
70383
70386
70404
70408
70411
70416
70420
70444
70449
70481
70499
70503
70504
70516
70522
70526
70533
70565
70574
70575
70586
70587
70613
70639
70655
70657
70667
70677
70681
70684
70696
70721
70726
70740
70747
70755
70756
70761
70769
70787
70845
70853
70886
70906
70956
70956
70965
70970
70982
71022
71028
71048
71052
71063
71070
71072
71092
71094
71101
71108
71124
71139
71152
71178
71189
71202
71206
71238
71238
71245
71265
71268
71275
71290
71293
71295
71303
71304
71311
71313
71313
71319
71340
71356
71360
71363
71365
71378
71388
71395
71398
71443
71470
71483
71484
71499
71505
71505
71523
71535
71550
71567
71582
71585
71591
71601
71604
71622
71627
71627
71648
71652
71656
71665
71665
71670
71670
71681
71682
71687
71709
71726
71735
71735
71736
71736
71749
71759
71760
71762
71774
71777
71794
71799
71808
71822
71880
71881
71893
71896
71918
71924
71934
71938
71944
71946
71975
71975
71996
72002
72049
72057
72058
72059
72068
72084
72091
72099
72108
72115
72120
72122
72125
72148
72172
72188
72190
72193
72194
72197
72202
72210
72219
72222
72222
72228
72241
72257
72259
72265
72268
72268
72272
72276
72284
72304
72314
72316
72316
72330
72335
72353
72362
72371
72378
72382
72385
72387
72398
72422
72439
72443
72445
72456
72458
72458
72465
72471
72472
72479
72500
72504
72544
72549
72579
72580
72602
72607
72619
72625
72629
72633
72641
72644
72693
72694
72718
72725
72728
72751
72758
72772
72778
72805
72816
72825
72828
72837
72837
72856
72862
72874
72874
72887
72888
72893
72908
72908
72909
72913
72916
72933
72938
72952
72962
72972
72975
72985
72993
72999
73006
73009
73013
73018
73020
73022
73030
73063
73071
73073
73085
73088
73115
73119
73122
73127
73150
73154
73165
73182
73183
73190
73199
73202
73207
73212
73214
73217
73219
73232
73233
73248
73251
73282
73326
73329
73332
73335
73338
73361
73368
73371
73377
73384
73387
73390
73403
73423
73424
73424
73428
73458
73461
73468
73478
73479
73486
73501
73503
73505
73505
73513
73521
73526
73527
73550
73570
73604
73605
73606
73609
73616
73621
73630
73632
73643
73646
73677
73679
73689
73692
73697
73707
73724
73735
73750
73777
73781
73794
73827
73840
73882
73887
73902
73904
73913
73924
73927
73957
73959
73963
73977
73977
73986
74014
74014
74030
74030
74067
74073
74090
74116
74119
74123
74128
74148
74172
74182
74182
74196
74200
74200
74229
74239
74245
74273
74284
74289
74300
74318
74337
74343
74345
74353
74363
74368
74391
74402
74405
74423
74436
74475
74487
74489
74497
74514
74536
74545
74553
74554
74600
74601
74606
74612
74645
74681
74690
74690
74708
74709
74723
74753
74777
74793
74798
74800
74804
74832
74835
74846
74874
74880
74917
74938
74968
74974
74975
74978
74982
74985
75010
75012
75026
75053
75075
75081
75087
75089
75115
75117
75129
75133
75136
75139
75167
75169
75171
75173
75174
75180
75198
75201
75204
75215
75267
75273
75278
75284
75304
75305
75306
75311
75313
75349
75358
75365
75382
75384
75391
75401
75410
75423
75436
75450
75450
75452
75456
75466
75490
75500
75510
75529
75546
75578
75592
75599
75610
75629
75661
75663
75694
75699
75717
75730
75733
75734
75758
75769
75770
75786
75800
75820
75827
75832
75856
75862
75872
75882
75904
75907
75909
75918
75956
75958
75968
75969
76003
76015
76016
76019
76028
76030
76033
76049
76074
76082
76086
76091
76092
76101
76106
76106
76113
76137
76137
76143
76146
76149
76168
76177
76187
76189
76191
76217
76218
76253
76257
76284
76287
76318
76319
76322
76335
76346
76359
76362
76395
76396
76397
76404
76411
76422
76439
76444
76475
76490
76498
76510
76511
76516
76531
76549
76560
76563
76563
76584
76588
76604
76616
76634
76646
76647
76661
76663
76693
76707
76711
76755
76793
76795
76804
76817
76823
76831
76832
76849
76864
76868
76877
76888
76888
76907
76913
76917
76924
76941
76948
76974
76975
76994
77002
77020
77059
77068
77077
77081
77083
77094
77095
77108
77111
77112
77116
77117
77124
77133
77135
77137
77143
77154
77164
77164
77165
77222
77248
77253
77257
77276
77284
77309
77313
77315
77316
77346
77354
77359
77366
77379
77383
77384
77397
77397
77414
77418
77418
77420
77420
77422
77425
77427
77451
77451
77453
77454
77456
77464
77467
77480
77491
77509
77520
77530
77537
77539
77545
77553
77557
77569
77588
77590
77591
77604
77629
77644
77654
77657
77663
77681
77698
77700
77712
77719
77728
77731
77735
77735
77736
77748
77759
77766
77778
77783
77795
77819
77820
77821
77822
77839
77843
77851
77875
77889
77913
77919
77923
77924
77955
77956
78013
78021
78035
78036
78044
78045
78049
78060
78062
78065
78067
78068
78082
78100
78132
78137
78152
78159
78162
78168
78175
78183
78185
78190
78192
78216
78221
78228
78228
78242
78244
78246
78252
78263
78274
78285
78307
78314
78330
78336
78350
78380
78395
78402
78436
78469
78479
78489
78493
78495
78497
78498
78499
78505
78543
78543
78544
78554
78568
78574
78582
78583
78591
78597
78605
78621
78621
78630
78634
78639
78664
78668
78680
78681
78703
78718
78727
78728
78739
78743
78769
78773
78777
78794
78823
78831
78845
78845
78846
78860
78863
78867
78884
78926
78935
78942
78945
78949
78952
78953
78966
78978
78990
78994
78996
79005
79009
79025
79033
79035
79042
79045
79048
79052
79053
79062
79079
79093
79101
79112
79115
79116
79120
79128
79135
79136
79142
79157
79168
79181
79223
79243
79268
79281
79283
79289
79292
79292
79297
79298
79300
79322
79333
79356
79371
79390
79395
79402
79407
79428
79430
79432
79458
79459
79462
79470
79477
79480
79490
79493
79497
79500
79514
79515
79532
79535
79538
79543
79572
79581
79585
79588
79596
79600
79602
79603
79610
79616
79621
79625
79626
79627
79638
79649
79653
79657
79658
79666
79690
79694
79698
79703
79707
79710
79714
79714
79729
79732
79733
79790
79793
79798
79800
79801
79806
79813
79816
79826
79849
79864
79890
79892
79896
79900
79906
79917
79924
79924
79929
79933
79934
79939
79942
79955
79997
80020
80030
80032
80049
80066
80068
80074
80081
80082
80083
80128
80132
80142
80143
80146
80157
80172
80174
80182
80230
80239
80247
80257
80270
80296
80313
80329
80340
80340
80341
80354
80358
80364
80382
80392
80392
80394
80399
80402
80422
80426
80454
80469
80477
80497
80503
80507
80525
80533
80568
80611
80619
80624
80633
80638
80660
80664
80686
80699
80702
80703
80718
80738
80755
80760
80769
80780
80788
80789
80802
80806
80822
80824
80825
80828
80840
80843
80853
80854
80861
80868
80881
80893
80901
80914
80918
80932
80932
80982
80985
80996
81010
81019
81031
81036
81043
81057
81063
81066
81072
81095
81095
81099
81100
81121
81122
81127
81138
81148
81151
81162
81166
81202
81205
81209
81210
81212
81218
81219
81220
81225
81240
81247
81256
81266
81279
81279
81280
81285
81287
81292
81298
81318
81334
81337
81349
81352
81370
81381
81389
81395
81395
81400
81417
81417
81443
81446
81451
81452
81459
81461
81463
81474
81475
81480
81498
81509
81528
81551
81559
81561
81596
81603
81605
81607
81614
81616
81621
81625
81625
81625
81627
81631
81645
81670
81681
81682
81684
81685
81686
81686
81694
81709
81714
81718
81729
81736
81746
81748
81767
81767
81795
81822
81822
81828
81845
81845
81846
81853
81862
81872
81874
81879
81883
81884
81888
81898
81909
81922
81926
81931
81938
81958
81966
81972
81980
81983
81987
81994
81996
82002
82002
82007
82010
82010
82037
82046
82064
82114
82123
82134
82135
82142
82152
82162
82169
82171
82200
82235
82243
82261
82262
82263
82264
82277
82286
82288
82288
82297
82307
82331
82346
82369
82371
82409
82421
82421
82428
82438
82455
82459
82460
82469
82469
82476
82494
82504
82531
82541
82562
82595
82603
82605
82615
82623
82625
82631
82631
82657
82668
82675
82677
82681
82683
82685
82687
82714
82720
82744
82755
82762
82773
82779
82781
82782
82788
82823
82827
82840
82844
82869
82876
82879
82892
82895
82929
82933
82935
82937
82941
82943
82959
82976
82986
82989
82990
82990
82998
83005
83047
83049
83056
83090
83092
83093
83104
83117
83120
83123
83129
83149
83153
83160
83164
83165
83180
83187
83194
83217
83225
83227
83230
83231
83246
83248
83261
83262
83283
83292
83294
83305
83306
83316
83330
83348
83356
83366
83377
83384
83384
83411
83428
83430
83434
83437
83440
83443
83448
83454
83475
83484
83500
83502
83518
83542
83562
83602
83610
83610
83629
83630
83638
83649
83680
83699
83703
83710
83738
83739
83740
83807
83820
83820
83842
83846
83858
83858
83858
83861
83863
83864
83869
83882
83898
83903
83914
83915
83922
83928
83935
83940
83946
83965
83981
84052
84063
84065
84067
84076
84123
84137
84141
84146
84148
84164
84176
84182
84186
84194
84215
84218
84219
84230
84292
84300
84316
84329
84335
84345
84358
84366
84377
84419
84422
84438
84445
84458
84491
84497
84503
84511
84514
84527
84533
84541
84554
84565
84571
84576
84591
84595
84653
84677
84683
84688
84689
84694
84695
84697
84703
84714
84731
84785
84791
84793
84827
84842
84843
84854
84857
84886
84898
84911
84929
84933
84934
84943
84974
84985
84989
84995
85002
85010
85020
85043
85059
85059
85065
85081
85084
85087
85108
85110
85122
85191
85197
85199
85206
85217
85243
85248
85252
85279
85294
85299
85302
85309
85320
85338
85351
85353
85354
85366
85377
85384
85385
85391
85394
85426
85427
85434
85434
85437
85443
85456
85461
85470
85477
85491
85498
85501
85522
85551
85562
85564
85597
85607
85611
85623
85626
85641
85645
85645
85661
85673
85679
85684
85694
85719
85726
85731
85737
85739
85749
85754
85762
85788
85798
85799
85805
85810
85813
85817
85829
85839
85861
85864
85886
85886
85903
85914
85951
85952
85969
86020
86024
86025
86042
86056
86062
86069
86079
86086
86099
86107
86109
86165
86183
86184
86198
86203
86209
86234
86246
86255
86257
86261
86263
86265
86272
86275
86275
86312
86319
86339
86355
86361
86368
86376
86385
86385
86399
86403
86405
86421
86424
86430
86439
86462
86467
86474
86489
86530
86536
86538
86558
86558
86561
86563
86567
86579
86579
86618
86633
86654
86664
86676
86684
86688
86723
86733
86736
86743
86768
86770
86772
86783
86789
86804
86809
86814
86814
86855
86856
86862
86874
86883
86892
86904
86911
86925
86927
86939
86955
86966
86995
86995
87001
87018
87035
87038
87038
87041
87045
87056
87065
87109
87120
87127
87143
87173
87173
87174
87185
87185
87192
87207
87212
87221
87227
87234
87248
87248
87255
87261
87269
87283
87285
87286
87291
87307
87309
87319
87319
87328
87334
87342
87361
87365
87375
87405
87413
87468
87473
87498
87501
87512
87519
87551
87602
87605
87609
87612
87614
87630
87656
87675
87696
87699
87722
87739
87745
87753
87757
87762
87778
87787
87789
87793
87797
87806
87824
87852
87856
87856
87865
87873
87878
87880
87890
87899
87900
87911
87914
87932
87946
87946
87949
87954
87977
87981
88004
88006
88008
88017
88026
88043
88046
88051
88060
88067
88071
88083
88088
88092
88107
88127
88129
88141
88182
88183
88188
88189
88192
88193
88205
88215
88215
88224
88224
88228
88235
88242
88247
88267
88282
88288
88303
88317
88335
88355
88366
88367
88373
88380
88397
88400
88436
88443
88445
88462
88469
88474
88476
88483
88504
88520
88537
88543
88547
88560
88586
88644
88659
88676
88684
88685
88689
88695
88696
88734
88744
88752
88775
88783
88787
88828
88832
88848
88850
88855
88861
88881
88885
88885
88887
88894
88916
88919
88938
88940
88940
88962
88963
88972
88999
89033
89033
89036
89048
89057
89061
89062
89069
89071
89101
89107
89134
89139
89148
89148
89158
89170
89171
89187
89191
89193
89201
89213
89224
89255
89274
89288
89297
89308
89318
89334
89347
89351
89369
89399
89402
89405
89410
89415
89455
89477
89480
89488
89498
89525
89537
89560
89562
89575
89578
89588
89605
89607
89619
89623
89624
89644
89652
89661
89667
89670
89679
89684
89689
89708
89717
89736
89779
89798
89812
89833
89844
89849
89849
89852
89860
89866
89877
89878
89880
89887
89900
89901
89903
89906
89912
89935
89950
89953
89955
89984
89988
89998
90008
90014
90044
90061
90068
90074
90075
90092
90095
90098
90114
90126
90145
90153
90172
90176
90215
90223
90227
90227
90230
90235
90252
90274
90278
90283
90302
90306
90312
90331
90358
90373
90379
90382
90416
90417
90424
90425
90425
90431
90490
90496
90502
90503
90510
90522
90535
90543
90564
90578
90593
90595
90601
90604
90630
90639
90652
90655
90663
90665
90689
90693
90700
90700
90711
90720
90727
90750
90767
90772
90772
90789
90800
90804
90810
90831
90853
90864
90868
90876
90883
90891
90900
90901
90904
90924
90944
90953
90967
90968
90971
90993
91020
91029
91034
91051
91053
91058
91061
91091
91099
91103
91118
91119
91134
91157
91172
91173
91178
91220
91222
91237
91268
91270
91284
91291
91291
91295
91300
91301
91306
91320
91325
91347
91353
91354
91358
91359
91363
91369
91379
91383
91393
91407
91407
91414
91451
91463
91484
91494
91494
91513
91513
91514
91541
91546
91546
91547
91554
91565
91588
91640
91655
91669
91672
91689
91694
91703
91705
91708
91716
91729
91730
91731
91731
91736
91753
91767
91767
91777
91786
91817
91818
91844
91846
91856
91895
91896
91913
91926
91936
91937
91949
91959
91962
91966
91968
91977
91986
92010
92015
92029
92033
92037
92039
92048
92058
92072
92087
92100
92124
92130
92157
92160
92200
92207
92222
92238
92240
92275
92276
92279
92282
92286
92307
92343
92368
92376
92403
92412
92435
92439
92448
92453
92459
92475
92479
92479
92479
92490
92507
92508
92522
92537
92558
92560
92564
92567
92582
92596
92597
92608
92616
92618
92626
92632
92637
92647
92654
92669
92679
92689
92693
92695
92696
92708
92712
92712
92715
92720
92726
92726
92728
92763
92765
92769
92782
92802
92842
92847
92850
92855
92866
92889
92893
92895
92897
92899
92900
92903
92906
92917
92920
92932
92935
92947
92957
92961
92962
92968
92969
92976
92994
93050
93056
93057
93066
93067
93071
93084
93093
93097
93106
93129
93143
93146
93152
93154
93160
93163
93170
93188
93193
93206
93207
93218
93222
93229
93231
93246
93251
93255
93261
93263
93272
93282
93284
93294
93297
93299
93328
93330
93334
93342
93346
93364
93375
93379
93382
93400
93423
93423
93440
93452
93453
93467
93467
93475
93478
93492
93503
93505
93512
93525
93549
93553
93580
93615
93628
93637
93641
93644
93679
93702
93715
93731
93751
93763
93793
93806
93816
93831
93834
93841
93874
93897
93931
93947
93967
93971
93973
93999
94012
94016
94023
94033
94049
94056
94059
94063
94069
94070
94079
94093
94122
94132
94133
94163
94164
94175
94179
94189
94197
94216
94218
94218
94227
94236
94239
94239
94250
94256
94259
94259
94268
94271
94271
94275
94279
94288
94288
94289
94296
94300
94306
94328
94342
94360
94383
94383
94404
94406
94408
94435
94439
94463
94492
94504
94510
94510
94510
94520
94536
94540
94545
94604
94621
94638
94643
94647
94648
94659
94678
94679
94684
94690
94694
94697
94698
94699
94717
94718
94734
94736
94751
94757
94759
94761
94810
94810
94816
94818
94845
94860
94862
94864
94869
94891
94891
94897
94904
94919
94934
94938
94939
94968
94982
95010
95011
95018
95040
95045
95057
95073
95088
95093
95097
95097
95098
95109
95109
95110
95127
95137
95144
95149
95157
95188
95190
95191
95193
95224
95261
95270
95281
95288
95302
95314
95319
95334
95339
95340
95363
95378
95386
95397
95401
95409
95413
95417
95442
95444
95471
95478
95479
95490
95492
95509
95511
95516
95535
95536
95543
95550
95573
95580
95612
95617
95630
95649
95670
95684
95695
95709
95718
95720
95727
95737
95750
95752
95755
95756
95763
95764
95773
95799
95818
95830
95836
95841
95852
95869
95877
95879
95881
95882
95882
95884
95897
95899
95923
95924
95925
95936
95938
95944
95947
95947
95954
95962
95964
95970
95990
95992
96005
96006
96010
96011
96026
96029
96044
96045
96049
96050
96055
96055
96060
96069
96095
96099
96099
96105
96117
96128
96130
96146
96150
96152
96152
96166
96191
96194
96199
96214
96223
96236
96236
96243
96246
96252
96270
96274
96279
96283
96286
96292
96294
96315
96315
96329
96332
96345
96350
96384
96394
96406
96424
96427
96439
96444
96445
96445
96447
96473
96475
96485
96499
96500
96521
96534
96548
96566
96573
96593
96601
96603
96607
96618
96632
96632
96635
96648
96654
96660
96661
96663
96669
96677
96683
96689
96712
96714
96724
96729
96759
96776
96785
96790
96794
96799
96822
96833
96840
96844
96848
96862
96878
96879
96890
96897
96900
96909
96916
96932
96946
96956
96968
97000
97005
97011
97014
97018
97030
97036
97039
97051
97059
97070
97073
97078
97083
97095
97125
97133
97145
97149
97153
97166
97174
97200
97204
97215
97239
97243
97266
97274
97293
97319
97322
97323
97326
97335
97363
97370
97371
97378
97401
97406
97413
97413
97415
97415
97427
97432
97434
97440
97441
97457
97489
97493
97498
97502
97510
97528
97538
97541
97545
97547
97549
97564
97573
97606
97608
97629
97630
97647
97662
97667
97670
97671
97672
97678
97697
97699
97732
97738
97747
97750
97751
97772
97812
97834
97848
97858
97898
97911
97917
97928
97930
97932
97946
97953
97959
97964
97971
97976
97982
98030
98037
98089
98097
98100
98102
98113
98120
98153
98154
98172
98188
98189
98190
98201
98219
98226
98233
98251
98262
98278
98278
98296
98299
98300
98301
98310
98324
98325
98343
98348
98359
98377
98385
98397
98428
98438
98439
98440
98463
98482
98483
98486
98494
98503
98506
98509
98509
98532
98549
98572
98575
98584
98588
98598
98660
98714
98715
98722
98726
98753
98778
98780
98790
98804
98816
98839
98847
98851
98856
98895
98906
98909
98918
98929
98931
98933
98952
98987
98991
99012
99023
99032
99032
99045
99052
99061
99061
99065
99080
99092
99120
99121
99126
99141
99146
99148
99165
99172
99178
99189
99190
99194
99205
99206
99207
99211
99216
99217
99247
99248
99251
99256
99272
99293
99314
99320
99323
99326
99332
99335
99344
99346
99351
99366
99366
99383
99416
99424
99431
99432
99440
99445
99445
99447
99471
99472
99498
99502
99524
99535
99552
99559
99560
99569
99570
99587
99606
99608
99616
99617
99621
99622
99623
99626
99633
99635
99643
99663
99665
99687
99689
99700
99704
99712
99715
99717
99720
99729
99731
99739
99747
99748
99779
99786
99801
99832
99862
99886
99896
99902
99908
99913
99930
99954
99961
99963
99975
99984
99985
99996